================================================================================
N-BODY SIMULATION RESULTS
Simulation Type: Threaded
Date: 2025-12-27 01:08:28
================================================================================

PERFORMANCE METRICS
--------------------------------------------------------------------------------
Number of bodies: 1000
Number of steps: 100
Total execution time: 194.0335 seconds
Average time per step: 1.9403 seconds
Min time per step: 1.5432 seconds
Max time per step: 2.2714 seconds
Throughput: 515.37 body-steps/second

================================================================================

BODY INFORMATION
--------------------------------------------------------------------------------
Index    X            Y            Z            VX           VY           VZ           Mass      
--------------------------------------------------------------------------------
0        -2.2446      7.7525       3.6998       0.4893       -2.6068      -1.8587      0.1523    
1        6.3606       2.0169       3.4158       -1.8384      -0.1880      -1.6783      0.2911    
2        -5.4811      -4.9950      -3.6570      1.7821       3.0861       0.7102       0.6507    
3        -6.2069      -3.8388      -3.0375      2.5258       2.7991       0.7703       0.5628    
4        -0.6300      -7.8114      4.1287       -13.0407     0.8714       14.6585      0.9691    
5        5.5970       -5.2971      -2.0533      -1.3760      -1.7073      10.7227      0.5457    
6        -8.1495      7.3591       -4.3082      2.2882       -1.6325      1.0347       0.5920    
7        -4.8685      7.4858       5.4338       5.4181       -6.7259      1.2001       0.9297    
8        -11.5085     -6.5860      -11.1584     -4.6856      -0.5606      -2.8768      0.8459    
9        -2.3469      -3.2547      0.7322       1.2819       2.4201       -0.1362      0.9882    
10       4.9938       -5.1940      -8.4174      -1.0279      1.6484       2.8579       0.7941    
11       -7.4819      -2.3547      -6.5942      2.0251       0.9981       2.3102       0.1572    
12       20.6778      -87.3614     11.5133      32.2918      -110.2916    9.4993       0.2076    
13       4.1678       5.2064       0.5584       1.3068       -1.5766      -1.2960      0.4848    
14       -8.4319      -7.1405      -8.6235      2.0077       1.3744       1.5063       0.9168    
15       -4.1512      -1.8699      4.4453       1.7989       -0.0747      -1.0860      0.2451    
16       7.3615       5.2810       2.5064       -2.4294      -1.5592      -0.4860      0.9033    
17       0.5156       5.6417       6.4738       -0.6327      -0.9144      -2.8445      0.4844    
18       5.9460       6.5572       -8.8276      -0.8474      -1.3068      2.1410       0.2079    
19       -23.6657     19.9802      33.1694      -115.3724    66.9356      204.6251     0.9746    
20       7.7909       -4.2675      -0.3006      -2.9456      1.4927       -0.4369      0.6486    
21       -0.0774      -7.5272      -4.1779      -0.3338      3.0881       0.5562       0.5405    
22       8.4591       -4.7563      3.1926       -2.5791      0.8822       -0.5940      0.4310    
23       1.9088       2.6019       0.3491       -1.4696      -0.1730      -0.6466      0.2679    
24       -11.6089     -2.6953      3.2334       -3.6059      -7.3962      -0.6744      0.6807    
25       -5.0220      2.8820       -1.9212      2.7630       2.6643       -1.9598      0.2021    
26       7.5155       6.6059       -4.1914      -2.0528      -1.9455      1.3452       0.5767    
27       -4.6408      -7.1376      6.7962       0.9702       2.0224       -2.3231      0.4143    
28       4.1610       7.4177       7.2300       -0.7794      -1.0473      -0.8334      0.2455    
29       7.0500       1.9337       -8.4936      -1.7664      -0.4748      2.7383       0.2447    
30       1.2400       2.8052       2.1102       1.3182       -1.9318      -3.0399      0.3929    
31       4.2939       2.5710       6.1157       -1.3589      -0.8706      -1.6578      0.4309    
32       -4.2650      -4.5821      8.1404       0.9004       1.0275       -2.7315      0.8153    
33       -0.3268      1.8307       0.1405       -0.9800      0.6429       0.7333       0.1219    
34       3.0597       -5.8767      7.3667       0.3047       1.0927       -2.9635      0.1139    
35       7.3743       -1.5135      8.0009       -2.8636      -0.3102      -2.6259      0.4466    
36       4.6129       -2.2964      -4.7254      -3.6771      2.0307       3.5336       0.6131    
37       -7.3389      1.8848       8.5904       1.4894       -0.9197      -2.6273      0.7667    
38       3.1339       3.1996       -2.1051      -1.2962      -1.5323      1.3620       0.8804    
39       6.2196       0.4433       0.0216       -6.0487      -0.7836      2.3295       0.8162    
40       6.4736       -3.0221      -2.3742      -2.5997      0.3138       0.5996       0.5190    
41       0.7154       -3.4303      1.7118       -0.2226      1.8407       -0.2436      0.4242    
42       -6.6071      0.1783       4.5006       1.8349       -0.6281      -1.7579      0.1465    
43       0.1352       -11.0338     0.3469       -1.5568      -23.3069     -5.0167      0.3907    
44       5.6803       -3.6369      -1.5523      -2.7206      3.8780       0.0573       0.8524    
45       4.7269       -1.4606      -7.1922      2.0433       0.7508       -1.3820      0.7431    
46       1.2815       -5.5059      7.0826       -1.8943      0.1613       -2.4914      0.4776    
47       -4.4016      -2.5884      4.4665       1.3595       0.7454       -1.1821      0.1367    
48       7.9957       6.2098       3.6771       -0.3151      1.3186       4.9713       0.2559    
49       -0.9761      -0.8253      1.6394       -0.7878      0.8959       1.0592       0.6633    
50       0.2272       5.7657       2.7174       0.4906       -2.6906      -0.9263      0.1239    
51       -0.7447      1.7444       -3.2033      -6.0509      -15.6416     -10.7989     0.5911    
52       7.6381       -2.0215      8.0190       -2.6627      0.7489       -2.4320      0.1907    
53       -8.4665      -7.3500      3.7616       2.4353       1.6510       0.1374       0.1209    
54       5.6043       -2.5020      -9.6129      -1.3142      3.1775       -3.1406      0.7616    
55       5.8030       -3.2581      -5.7932      -0.8513      2.3478       1.5428       0.4714    
56       160.4373     -369.1393    -97.6149     175.1435     -402.8428    -101.5590    0.7758    
57       4.8213       -6.7645      6.8607       -1.4290      1.7761       -1.7821      0.9060    
58       -2.0957      -8.5519      7.2430       0.3373       2.5695       -1.8408      0.9555    
59       14.6803      1.8671       -7.1385      54.2657      -2.5449      -24.8070     0.7771    
60       8.1293       3.6750       -4.2729      5.1091       -4.0430      8.2154       0.4974    
61       5.9147       -2.3153      -5.9265      -4.2180      1.5186       1.8924       0.1910    
62       -7.1652      3.6398       -7.4487      2.2727       -0.8240      2.3815       0.1764    
63       8.0051       -1.9472      -2.4102      -3.6576      1.0460       0.1947       0.7780    
64       -1.8048      -7.8612      5.5680       -0.1241      0.0356       2.3031       0.2001    
65       -0.3720      -8.2861      -0.5430      -0.4033      3.1243       0.2842       0.6843    
66       4.3131       1.5718       7.8343       -1.2498      -0.1215      -2.9595      0.3012    
67       10.2896      -9.5178      7.8662       1.7538       0.4408       -2.8834      0.9937    
68       -7.6127      1.1936       8.0611       1.5911       0.6374       -3.3013      0.5091    
69       1.8238       1.1773       6.6841       -1.3744      -1.4195      -2.9213      0.9012    
70       -1.0862      2.7243       -3.9421      -1.4320      1.8222       1.1635       0.6253    
71       -7.6854      8.6910       8.8086       1.5506       -1.6619      -1.8703      0.8324    
72       3.5695       -6.0001      7.2194       -0.3992      1.4474       -2.0839      0.6521    
73       -1.5158      7.1160       6.2897       0.3606       -3.0152      -2.1017      0.8295    
74       8.3989       -6.1348      1.8560       -2.7829      1.6005       -0.2152      0.8545    
75       -1.3593      -3.8327      -2.6290      -1.2392      -4.0992      3.4482       0.9997    
76       8.5903       1.2071       4.7238       -2.8235      0.1342       -1.3182      0.5055    
77       -7.0198      7.8659       1.9768       0.6736       -2.6342      -0.6882      0.4223    
78       -7.8463      6.3774       0.6226       -1.0839      7.5330       0.3520       0.5967    
79       1.2435       6.1545       -1.0789      0.2499       -2.7256      1.8385       0.6583    
80       81.6925      -71.6271     32.1223      125.4055     -106.7213    63.6796      0.4530    
81       -9.5288      16.8381      -6.2428      -10.2189     10.3322      -3.8367      0.6599    
82       6.7286       8.0036       -6.5473      -1.1442      -1.9750      1.0822       0.5132    
83       7.5120       -0.1021      -3.3161      -4.5927      0.1017       0.6608       0.2160    
84       -5.8710      -6.1366      -6.6979      3.7399       1.8217       1.1990       0.9071    
85       -0.8426      2.5383       -5.3247      -0.3685      -1.3270      2.6924       0.3507    
86       -5.4848      -6.8634      -6.7238      2.0931       3.5111       2.1795       0.5531    
87       3.5807       -7.7847      5.7646       -0.4684      3.1968       -0.3475      0.9288    
88       -7.2968      -4.2210      5.2167       3.0227       0.5704       -1.7898      0.4334    
89       -0.3157      2.2665       -2.2604      -0.1061      -0.1345      0.7481       0.3272    
90       3.5709       6.3782       0.4502       -1.5876      -3.0851      0.5662       0.5794    
91       -4.6717      -4.0350      -2.3479      1.0323       1.2038       0.2380       0.3947    
92       -6.7871      7.2599       1.6516       1.3881       -1.0419      -0.4288      0.1782    
93       0.6992       1.5297       3.9810       -0.0699      -0.3115      -1.8052      0.4268    
94       2.7125       1.2958       -2.2204      -0.4884      -0.3072      1.5061       0.1916    
95       -5.8151      -4.7990      -5.8347      2.4478       0.7588       2.3359       0.9071    
96       -6.7517      0.6787       -1.8196      3.3097       0.5129       -0.0671      0.9725    
97       6.4787       5.4888       -4.0014      -1.6736      -1.7615      1.6773       0.6011    
98       0.8932       -3.5880      4.8181       -1.2109      1.7582       -1.0147      0.5568    
99       -4.7411      -6.5654      2.4587       0.9531       2.3049       0.7780       0.5330    
100      0.3353       -7.5161      -3.0192      -0.5536      3.0349       0.4208       0.3901    
101      2.1913       -1.6131      5.0827       -7.0073      5.6669       2.0966       0.4707    
102      -2.3942      7.2669       5.9374       1.2425       -2.6579      -1.4106      0.9445    
103      -5.4976      -7.3882      4.1945       1.7123       2.6525       -1.1853      0.8157    
104      -5.2074      -6.0819      -6.3623      2.3154       0.8407       1.3243       0.4229    
105      6.6991       -2.7480      5.5930       2.4955       -3.1688      0.5644       0.3712    
106      2.3180       9.0005       1.8506       -4.4599      12.8521      11.1509      0.9158    
107      2.4741       -6.6955      7.5378       -0.0535      2.0456       -2.5199      0.8146    
108      1.8896       1.0170       6.6541       -1.4359      1.7621       -2.1719      0.3236    
109      4.2881       -7.7887      1.2183       -1.4558      3.1465       -0.3634      0.8391    
110      -6.8881      6.2585       -6.6688      1.8431       -1.4371      1.6666       0.3063    
111      3.9020       4.1413       2.0031       -1.1672      -0.4673      -1.6933      0.4111    
112      -5.7599      7.0276       1.5664       1.2117       -2.2089      -0.2341      0.2380    
113      0.9501       0.3481       2.0320       -1.4459      0.3411       -0.6414      0.6086    
114      3.3546       7.1013       3.6477       -1.1178      -2.7701      -1.0547      0.4817    
115      4.4191       7.6923       7.6169       -0.8490      -1.8523      -2.0174      0.8550    
116      -6.6634      7.6074       6.5532       1.7357       -1.6926      -1.7191      0.1493    
117      -3.0511      6.1127       -8.5785      0.4584       -0.1646      2.8632       0.9279    
118      -2.9640      -2.6013      3.8778       0.3923       1.1322       -1.6635      0.2268    
119      -5.8223      0.4032       -1.2785      -0.6177      6.6140       1.8334       0.6690    
120      -8.2013      2.7020       -5.4782      3.0823       -1.0968      2.0413       0.1768    
121      8.1623       0.2315       1.4607       -3.6017      0.3403       -0.7726      0.9082    
122      2.2613       -7.3442      -30.2776     25.2483      -3.4926      -65.4172     0.7980    
123      -0.7776      0.7966       -0.7047      0.3333       0.7235       1.1823       0.2637    
124      7.6212       8.5298       -3.2242      1.5734       -0.9816      -1.8036      0.1228    
125      -5.9619      3.6949       2.5430       1.9920       -1.2285      -1.2273      0.7047    
126      -8.3027      -9.3899      7.8031       2.9528       -3.5080      4.7072       0.1895    
127      -4.2962      3.9987       6.2387       1.6760       -0.8643      -1.8541      0.2845    
128      -3.4681      6.7891       -8.4172      1.6376       -2.2912      2.8921       0.2633    
129      1.0894       -2.6584      6.9722       -1.4810      -16.8981     4.1264       0.4417    
130      2.9804       -1.3980      1.7967       5.6355       11.1762      -2.3418      0.3650    
131      6.2120       4.5602       -8.5321      -6.1625      -1.3645      -3.0377      0.8199    
132      2.1087       -0.8026      -11.7520     4.1804       10.5527      -7.5766      0.2254    
133      5.5051       7.2274       0.2995       -3.4934      -7.2478      -0.1019      0.9229    
134      -6.4164      1.5549       -3.5835      2.4898       0.0540       1.9667       0.2858    
135      -8.7252      -6.7453      7.1564       2.0561       1.0688       -1.7181      0.6985    
136      -5.7344      7.0821       -1.8237      1.5549       -2.4924      -0.2638      0.2497    
137      3.9813       -7.3290      1.2992       -1.7258      2.3577       -1.6362      0.4201    
138      3.7646       -3.3000      1.0885       -1.2512      1.5510       -0.6255      0.7593    
139      -5.0951      -8.1037      -4.5232      1.2215       2.7037       0.4919       0.6372    
140      -2.8287      4.6284       -6.8847      1.0702       -1.6985      1.9741       0.7196    
141      -0.8983      -4.3388      5.1520       0.8331       1.5163       -2.6319      0.6312    
142      -2.5068      -7.2356      7.1921       0.6374       1.7981       -2.3598      0.2666    
143      0.8714       6.3571       4.0336       0.0549       -2.2848      -1.3694      0.8643    
144      -4.3636      0.1077       -4.8214      1.1530       0.5711       1.6739       0.7350    
145      7.5653       -5.7232      1.5039       -1.9615      1.4022       0.3435       0.3676    
146      7.5205       8.6816       7.9852       -1.9273      -1.4376      -1.8665      0.3872    
147      5.4890       -7.9549      1.6436       -2.0980      2.9550       -0.4357      0.7267    
148      -2.9143      4.0777       -7.2739      0.6098       -0.8203      2.8178       0.3869    
149      2.3927       6.3172       1.3989       0.1264       -2.7549      -2.1276      0.1191    
150      6.7334       0.4642       7.6126       -1.6151      -0.2988      -2.3230      0.7905    
151      -0.8217      -0.9357      1.7687       4.4920       2.5029       -1.1280      0.4760    
152      -1.7300      3.0666       -4.7700      -0.0603      -3.0272      1.5284       0.3667    
153      -10.9165     -9.1218      -4.3328      -6.7342      0.6808       7.0554       0.7117    
154      -6.0257      8.5928       4.8723       -3.3596      1.7709       -2.9808      0.9503    
155      -1.6271      2.3379       -3.2803      -0.8819      0.4707       4.9424       0.6847    
156      1.8791       0.2168       -4.3850      -0.5291      -0.0112      2.1742       0.8016    
157      -2.5337      -7.8324      8.2034       0.8785       1.9617       -2.5319      0.2565    
158      -23.2407     6.6261       28.0035      -33.3508     2.4794       37.5250      0.3014    
159      0.3453       1.5575       1.2723       -0.7669      -0.6825      -0.6542      0.2166    
160      7.5801       7.1967       5.0442       0.3382       -4.1742      -6.5028      0.1783    
161      -1.4024      -2.0550      -4.0238      0.7130       0.8506       1.7296       0.2982    
162      3.6289       -7.4255      6.1182       -0.1175      2.0004       -2.0112      0.8422    
163      11.8910      -4.5540      -6.9724      25.0126      -13.0895     -13.3889     0.6926    
164      6.3983       6.4169       3.6868       -1.3075      -1.9710      -0.9128      0.6568    
165      4.8602       -6.7928      6.8497       3.0688       2.1287       -4.3482      0.2160    
166      -2.6126      4.1254       -5.9998      1.2178       -1.4955      1.5287       0.1057    
167      -3.8441      1.9962       8.0164       0.8770       -0.6692      -3.3348      0.5860    
168      5.2342       -6.7201      4.9876       -0.7959      2.1272       -0.3392      0.6694    
169      7.7796       -4.4243      7.1854       -1.7372      4.6782       -2.4754      0.7374    
170      -6.8430      1.4173       -2.7998      4.4825       -0.5418      0.5326       0.9761    
171      11.6320      4.6232       -1.9412      5.9320       -1.0275      11.6709      0.3912    
172      -0.2091      4.5730       3.2342       0.1055       -1.6655      -0.9442      0.4836    
173      -0.8648      -5.7858      5.0326       0.1997       2.0183       -1.6536      0.7124    
174      4.4384       -2.0946      8.3694       0.8500       2.9831       -2.2772      0.4778    
175      2.7397       -1.6783      -3.7830      -0.2938      0.4288       1.3811       0.3070    
176      -5.0319      -7.8103      3.1269       1.4000       3.1554       0.1491       0.9714    
177      -5.4467      6.8855       5.0806       1.6949       -1.0020      -0.9334      0.6636    
178      -6.7655      -8.3547      7.5150       1.2107       1.9421       -1.8302      0.2056    
179      -6.3514      3.1136       -1.5805      2.4253       -1.2853      -0.3763      0.6238    
180      -4.0721      4.7951       -3.3610      1.0460       -2.3136      0.9813       0.4532    
181      -0.4726      1.3472       -4.2482      2.6127       -6.7075      -0.6238      0.1357    
182      -0.2920      -7.0467      -4.5618      0.1523       1.8150       1.3052       0.6563    
183      3.6860       1.0433       -8.3497      -0.7034      -0.3209      3.0292       0.4156    
184      66.5193      -62.8943     -43.3507     94.5319      -67.9857     -51.6524     0.8205    
185      -5.5877      -6.0053      -6.9096      0.7578       1.1348       2.8495       0.9426    
186      -7.4749      0.7851       3.5760       3.0128       -0.2751      -1.2306      0.4055    
187      5.4771       -7.0337      6.9528       -1.9812      2.7094       -1.9969      0.6792    
188      0.2990       4.1464       -7.0502      -0.3860      -1.0349      2.6965       0.8846    
189      -5.2659      7.9232       -3.0081      0.8725       -3.2931      0.4885       0.5484    
190      0.7187       3.6485       -4.6450      -0.9288      -1.6444      1.6426       0.2796    
191      3.0351       -7.5709      -8.2935      -1.1380      1.9809       2.1500       0.7545    
192      3.2971       -3.1018      -2.1315      -3.3526      -4.8938      2.5363       0.8803    
193      3.0374       -1.8227      4.2377       2.8324       -1.3999      -0.8752      0.4795    
194      -3.5278      1.3810       6.5661       2.1329       -1.1869      -1.6851      0.7598    
195      -6.6123      3.9079       7.2326       1.6390       -0.7772      -2.0217      0.2629    
196      6.0425       -0.7182      -4.3634      -2.1661      -1.2685      1.5163       0.4233    
197      -4.7939      -5.0517      6.4418       -7.8095      2.5677       9.5798       0.3927    
198      5.0511       -6.6358      7.7606       -0.9873      1.5561       -3.3602      0.2528    
199      0.5141       -2.6937      5.5802       0.1632       1.1178       -1.9966      0.7361    
200      -13.1863     -4.4969      12.8421      -21.2229     5.2305       65.0125      0.8598    
201      5.3558       1.5058       6.3634       -1.5508      -0.3027      -1.9530      0.1514    
202      0.4515       7.9143       -7.7598      -0.3577      -1.3386      3.1415       0.3845    
203      -1.4264      -8.3297      -7.1799      -2.0932      1.0587       -0.7619      0.9566    
204      1.9818       6.2255       -0.5700      -2.4656      -1.8371      0.7092       0.2257    
205      -7.9842      -3.4969      4.0096       2.9883       0.6607       -0.2544      0.1845    
206      2.7287       -1.1207      6.3706       -1.4031      0.0015       -2.0892      0.9502    
207      2.9749       -0.0850      1.9864       -1.4688      -0.0925      -0.6026      0.9379    
208      3.4612       2.8078       -4.7893      -0.7428      -1.3749      1.8371       0.1959    
209      3.0807       8.6954       -7.9687      -0.4099      -2.3042      1.8089       0.8041    
210      1.1497       4.2245       6.3196       -0.3714      -1.0939      -2.6155      0.8271    
211      4.5301       5.0186       -0.6904      -1.6126      -1.8421      1.3333       0.1052    
212      -2.8964      -2.3377      -1.8765      1.2401       0.7032       0.4170       0.3138    
213      52.5800      -181.0321    -166.4792    88.5314      -283.5887    -255.4367    0.5171    
214      -2.0429      6.2379       0.5926       0.7611       -2.1601      0.4685       0.4422    
215      -1.8196      1.8070       0.9005       0.5433       1.0375       1.1496       0.7463    
216      8.4258       -8.4001      -6.3324      0.9941       3.2894       0.8819       0.3191    
217      8.0944       -7.7728      8.5553       -0.9809      1.7621       -0.5837      0.3311    
218      -3.9347      -3.3956      4.9222       0.6724       1.0005       -2.3013      0.7445    
219      -4.2828      -1.9252      -6.8087      0.7603       -0.4894      1.7754       0.5726    
220      3.8428       -7.0339      1.3244       -0.4778      1.2059       -0.0432      0.8254    
221      2.3849       -7.2791      0.4738       12.0670      5.3566       -15.8519     0.8958    
222      -4.5073      -4.8474      2.7250       1.9270       1.8389       1.2642       0.4181    
223      -4.3875      4.7151       -3.6515      1.8360       -1.8412      1.8635       0.1860    
224      1.5153       -0.5497      1.5090       -2.1425      0.7123       -0.7616      0.2951    
225      -7.7835      -8.6749      3.5210       -0.4945      1.6711       2.2404       0.4518    
226      1.4952       -0.1198      7.9231       -0.6199      -0.1003      -3.7138      0.4854    
227      3.8973       3.2966       8.3095       -0.8514      -1.0663      -3.1864      0.6205    
228      -4.4280      -7.5691      -7.4880      0.0086       1.8658       1.8356       0.3040    
229      -2.7712      -7.0856      0.2938       -0.5483      3.1043       0.9959       0.5860    
230      6.3737       1.0536       0.1860       -0.9224      -2.3943      -1.0046      0.9947    
231      2.4793       0.8814       3.8047       -1.5671      -0.4319      -1.6675      0.9619    
232      -5.5029      2.5984       -4.7620      3.9098       -0.5427      2.0023       0.7805    
233      -2.4630      2.7967       5.0231       1.1089       -0.9841      -1.7834      0.2372    
234      8.5968       7.6189       0.9314       -2.6486      -1.8993      0.2506       0.1802    
235      4.8580       -6.7805      5.9546       -0.6448      0.7748       -0.9176      0.3728    
236      -7.0856      -0.2617      -8.4173      -5.4218      5.4365       -0.7729      0.4573    
237      -0.9344      1.7977       0.3504       0.5662       -0.6212      -0.4633      0.8663    
238      -4.9346      7.3939       -6.8639      1.8232       -2.5055      1.5163       0.8813    
239      5.4882       5.0173       -3.4090      -1.1732      -1.5523      1.1240       0.7255    
240      -4.5042      7.9562       3.9764       -13.1671     -2.9365      7.3968       0.9305    
241      0.0040       1.7223       4.2927       0.6497       -0.8203      -2.0357      0.2317    
242      -4.8364      -12.3037     -7.3230      -2.4882      -3.7913      3.1046       0.9692    
243      -1.4753      -2.9085      0.1011       -0.2884      1.8222       -0.1196      0.2944    
244      1.9174       2.7717       -5.8934      -0.8936      -0.5397      2.1540       0.1523    
245      8.4990       -7.6494      3.5281       -3.2510      2.7221       -0.6617      0.2092    
246      -3.8421      -6.8555      3.6874       0.3152       2.4302       -0.4631      0.8326    
247      1.0788       -4.0480      2.2472       -3.8933      -2.0643      -0.1023      0.8979    
248      -0.8241      -5.2549      -2.4455      0.3635       1.7080       0.3527       0.7924    
249      -8.2415      -1.3971      -0.3375      3.2573       0.6464       0.0252       0.2234    
250      0.4627       -5.2169      -8.2150      -0.4486      0.9703       3.0126       0.9636    
251      -0.1017      -6.9365      1.1238       1.8276       2.0394       1.2911       0.5394    
252      -5.9249      -3.3720      4.6293       2.0070       -0.0796      -0.0424      0.5135    
253      6.8836       10.2694      6.2236       1.1845       2.1958       -4.0939      0.4938    
254      -4.0042      6.1493       -7.9642      1.7948       -1.2805      2.5488       0.6934    
255      6.6436       2.7063       0.9252       -2.3524      -0.8197      -3.0979      0.7637    
256      0.1056       3.5018       -7.5219      -0.1445      -0.2440      3.4909       0.1641    
257      -6.5209      10.2745      0.5456       4.3504       -0.1238      -4.5679      0.7972    
258      3.0994       -5.3422      -5.7864      -0.1668      1.8330       1.6149       0.3385    
259      -8.8977      -7.6679      8.4974       1.4351       1.3375       -1.7539      0.4437    
260      -4.0963      -6.5603      1.9394       3.3757       2.3691       -1.3269      0.1378    
261      7.5402       6.5935       -0.5505      -3.8028      4.4398       13.3120      0.7733    
262      24.3481      40.3354      14.1354      46.9018      94.9799      54.8530      0.4350    
263      -0.8294      -0.6508      1.9347       2.8777       -1.2926      -2.2726      0.2777    
264      6.6568       2.4794       -3.7561      -2.2916      -1.0363      1.0576       0.9270    
265      -4.0509      4.3120       -0.7940      1.8017       -1.6729      -0.0993      0.6905    
266      -5.8770      1.1289       7.9512       1.0770       0.4144       -3.3368      0.2186    
267      4.0905       5.6343       -4.9615      -0.8823      -1.4900      1.5387       0.5880    
268      1.6938       0.3113       -3.4187      -0.2586      0.2353       1.2242       0.6727    
269      4.5732       -5.6218      -0.7149      -1.1835      2.4897       0.0079       0.9926    
270      -8.5764      -3.3610      6.6591       -1.5751      -3.3580      2.0540       0.6544    
271      -5.4541      -2.8765      4.8754       1.5244       -0.0065      -1.7525      0.1318    
272      4.5017       -5.6244      7.6167       -0.9361      0.6645       -3.1080      0.3750    
273      6.5640       6.7160       -2.5873      -2.4769      -7.5453      0.5699       0.6337    
274      -1.7912      -1.1488      3.2571       1.0804       1.3268       -1.1872      0.8148    
275      -7.1994      0.9694       0.0742       2.0982       -1.0485      0.6076       0.6053    
276      0.9019       1.6374       2.6111       -0.6329      -0.5851      -2.1946      0.5484    
277      -7.4047      -7.6966      -2.9260      2.1564       2.2538       0.6238       0.5655    
278      -0.9657      -5.9779      -3.0450      0.4804       2.3482       0.9120       0.6384    
279      4.4275       8.4801       7.7463       -0.6636      -3.0650      -1.9439      0.8071    
280      -6.9692      -1.8207      5.2008       1.4967       0.1248       -3.2331      0.2660    
281      0.5531       -2.0626      -11.2657     21.8871      8.6613       -20.9572     0.5663    
282      -3.4178      7.5165       -3.8770      1.1908       -2.7359      1.7965       0.2675    
283      4.0396       -1.5715      -0.1100      -2.6691      -1.1024      0.4485       0.5468    
284      -0.9968      4.0684       4.1220       0.8051       -1.2863      -2.3311      0.7762    
285      2.9480       8.7175       -7.9499      1.4909       -0.0029      0.7691       0.3223    
286      7.0528       -3.9997      -3.9488      -2.1507      2.1117       1.2905       0.1588    
287      -0.2493      -8.0404      -7.4596      -0.4412      2.1049       3.6311       0.4700    
288      -2.8991      6.9924       -8.2702      0.4449       -2.1458      2.8813       0.9431    
289      -7.2527      -0.8588      -3.8114      3.3016       1.0565       2.2732       0.6888    
290      -5.2591      1.1870       -0.9741      1.4018       -0.3267      -0.4949      0.2027    
291      -5.7783      -4.6739      -4.4686      2.3558       1.7213       1.1564       0.2033    
292      6.4224       4.0211       -7.4597      -1.4947      -0.7468      2.3253       0.5125    
293      -0.9449      -2.7950      7.4617       -1.4349      13.3836      -3.3001      0.4706    
294      2.8413       0.9072       -7.4046      -0.3700      -0.0798      2.7301       0.1468    
295      5.0441       -4.9115      -4.5322      -1.3079      2.2016       0.6317       0.5674    
296      -5.2015      6.6346       6.6641       1.3540       -1.9121      -1.8993      0.9865    
297      4.8760       -8.3256      -7.9155      -1.1317      2.1843       1.5886       0.5480    
298      -6.9574      2.7426       5.8176       1.9435       -0.8737      -1.3661      0.2834    
299      0.5360       -3.3860      5.1007       0.1943       1.6962       -1.6409      0.4564    
300      6.7021       -0.3285      -4.3460      -4.2955      -3.2239      9.8928       0.8715    
301      7.3473       -4.2107      8.3695       -1.4711      0.6439       -2.5924      0.9046    
302      2.7143       -5.8150      -1.1375      -0.7051      2.4231       0.0960       0.8232    
303      0.2416       7.7611       -1.1164      0.2178       -3.2432      1.1490       0.2494    
304      5.9460       -2.0910      -4.7136      -2.9420      -1.0911      3.6635       0.7474    
305      16.2471      -13.9516     0.6465       13.8704      -8.9706      -6.1131      0.5867    
306      3.9447       -3.0527      -0.6183      -0.5892      1.3928       -0.1008      0.5448    
307      8.1619       -4.4792      -7.4551      2.2186       -1.5911      -1.4166      0.3159    
308      -5.9793      -2.5327      -1.4878      2.3660       1.0306       -1.3053      0.4171    
309      7.4458       -1.6603      8.0461       14.7515      -9.7077      -3.8615      0.3926    
310      3.0062       -7.3425      -6.5875      -3.4958      3.2251       -1.7434      0.3513    
311      2.0701       3.4918       0.1253       -1.6329      -0.7597      -0.0636      0.3736    
312      1.7606       8.7830       5.9453       -6.5068      2.7338       -4.9640      0.3343    
313      6.3592       2.5400       0.9391       -2.4577      -1.7941      0.2852       0.8781    
314      0.6782       -1.9879      7.5113       -0.4809      0.8444       -4.2160      0.7659    
315      7.3067       -4.5790      5.9672       -2.2277      -0.9527      -2.8533      0.8244    
316      -10.2626     6.1950       7.3262       0.3659       -3.9078      2.5046       0.8855    
317      -5.1166      -0.5160      -0.0524      6.1690       -10.8894     -1.5522      0.5219    
318      -1.9502      1.9288       -2.6706      4.7082       -0.2106      2.7905       0.9126    
319      6.3129       2.6337       1.2359       -3.5802      -0.5102      -2.2345      0.3156    
320      6.0307       -8.7212      1.5921       -0.2398      0.1600       -0.6743      0.1573    
321      5.8048       1.8666       -6.3964      -1.5605      -0.4577      2.6046       0.8464    
322      6.5060       1.5048       0.2148       -3.0164      -0.3947      -0.0418      0.7965    
323      1.8345       6.3137       -0.5675      -0.1597      -3.3775      1.2382       0.7324    
324      -4.5780      0.1762       -6.6533      1.5122       -0.4017      2.5125       0.9555    
325      1.6153       8.5544       1.2710       -0.4527      5.4177       1.6324       0.4257    
326      2.1048       -7.3710      -6.4526      5.7400       3.7463       1.5458       0.5338    
327      -5.2855      2.0131       -3.9124      1.5428       -0.2699      0.9891       0.1069    
328      -5.2447      -7.8136      -7.4181      0.8449       2.8835       1.0779       0.5614    
329      -3.7576      7.3139       -2.0862      0.7573       -2.7671      0.1315       0.4107    
330      0.3985       6.2374       0.0137       0.5572       -2.7142      0.4001       0.3473    
331      -1.6733      -1.2995      -1.4055      0.7912       0.4868       0.7972       0.3784    
332      5.8664       8.0102       6.0697       -1.2036      -2.2070      -0.8201      0.3318    
333      -1.5479      8.2205       2.9317       12.4288      9.9041       -1.3226      0.4321    
334      -6.7878      -1.5700      4.6614       1.7581       0.3224       -0.7613      0.9476    
335      100.3646     151.2152     -347.0229    108.9115     165.9090     -386.9213    0.9220    
336      1.6635       6.4549       3.8093       -1.2390      -2.2161      -1.2846      0.5806    
337      -6.3125      -8.3519      -1.6132      1.8384       2.8951       -0.1314      0.1394    
338      -6.6800      1.3836       -2.7826      0.7008       0.6752       0.5824       0.7232    
339      -1.3314      2.8570       -4.1708      0.3584       -1.6157      1.0703       0.8185    
340      5.6238       6.7860       7.3733       -1.6497      -0.8925      -2.0117      0.4341    
341      1.2524       3.5018       2.8383       -1.7002      -1.1514      -1.9262      0.2283    
342      6.1932       -2.3384      -5.9122      -2.8024      1.3721       2.9831       0.4065    
343      -7.5357      -1.3764      -3.7072      2.0299       1.0459       0.2156       0.2961    
344      8.2591       -0.6933      3.1425       -3.0134      0.5007       -1.2641      0.5549    
345      -2.8250      24.7462      -47.2834     -20.6243     46.7411      -66.5118     0.1210    
346      5.0195       -0.6717      -3.3414      -0.0290      0.2491       1.7213       0.3826    
347      6.7267       1.0044       2.2330       -1.9879      -1.1700      -5.8704      0.4505    
348      -2.0150      -2.7847      0.7811       0.5299       0.6787       -0.1479      0.7857    
349      5.7106       -0.7818      -3.5853      -1.9002      1.0454       1.1036       0.4082    
350      -3.8899      7.8858       1.0724       1.4487       -2.9369      -0.0425      0.4996    
351      2.3915       0.1486       -1.6572      -0.3822      0.7053       0.6447       0.6124    
352      1.9282       -5.3787      -2.0266      -0.7421      1.5662       0.2867       0.3050    
353      8.0634       7.4485       3.7589       -2.5163      -1.5919      -1.3089      0.8115    
354      -6.4701      5.2007       -3.8216      1.9888       -1.5113      1.4705       0.5164    
355      8.3264       -0.3786      6.4805       -2.6593      -0.0848      -1.5466      0.2829    
356      4.6092       -1.6080      -0.0622      -1.4953      1.4821       -0.7438      0.9827    
357      -1.1651      5.3061       4.3818       1.3848       -3.0474      -2.1177      0.1983    
358      6.4322       -1.4231      6.1812       -1.4285      -0.3422      -1.6102      0.5035    
359      2.7470       -0.1534      6.6145       10.4658      -8.2951      -5.1967      0.7504    
360      3.2649       -5.8303      -3.6697      -1.0767      3.0186       0.6464       0.2896    
361      -7.8166      -2.7753      16.2417      -30.1384     12.2932      11.8658      0.1129    
362      4.1534       5.9065       4.1348       -1.1795      -1.6415      -1.4429      0.6927    
363      4.3850       5.6610       1.5306       -1.9295      -2.6894      -1.5415      0.4668    
364      -1.5982      -7.2800      -2.7757      0.6188       2.8151       0.4778       0.1651    
365      8.2962       -0.1259      -4.0289      -2.5360      -0.9025      0.4483       0.7364    
366      -83.6116     46.7193      39.2811      -93.0343     68.9491      51.5821      0.8231    
367      7.4031       -1.7667      7.3888       -2.3953      0.3452       -1.2989      0.6764    
368      7.9430       1.4747       -2.4562      -3.3963      -1.1326      0.7229       0.5528    
369      -0.6954      1.3713       1.7447       0.7332       -0.7420      -1.5307      0.7426    
370      3.5917       5.0642       0.6559       -5.1388      -0.1095      0.8306       0.3443    
371      -0.5047      -4.3093      -6.5054      0.3966       -1.6776      5.0504       0.3858    
372      -8.8852      0.2213       -7.9464      2.3465       -0.0365      2.3657       0.8554    
373      -8.4148      -4.9443      4.4800       3.1748       0.2490       -0.6329      0.3434    
374      6.2300       -2.9790      5.3782       -1.2613      1.8728       -0.8442      0.4396    
375      8.2243       -7.4623      3.5647       -1.9237      1.4991       -0.4673      0.7335    
376      -8.4852      -5.9360      4.2342       2.9100       1.4427       -0.0578      0.9557    
377      4.3320       -3.7709      -6.7449      0.6975       0.7343       2.4220       0.4240    
378      5.7864       8.2865       5.4493       -5.5319      11.7612      9.2433       0.4328    
379      -7.4886      4.5923       -1.8069      2.9175       -1.6549      -0.2444      0.6916    
380      -0.5368      6.3816       -5.0918      0.0179       -2.5048      1.2329       0.2229    
381      2.7479       3.7719       -2.7784      -0.6110      -1.9993      1.8791       0.2793    
382      5.2504       -4.3649      -1.8654      -10.6826     -3.8450      0.4403       0.3408    
383      5.9855       -8.4638      -2.3817      -1.4502      2.6738       0.1263       0.4723    
384      -0.0525      -1.3441      0.7927       0.2340       1.3440       0.3984       0.9671    
385      0.0562       2.9610       -3.2377      -0.9849      -1.1732      1.2277       0.9784    
386      -6.8060      -8.4682      4.8352       1.3908       2.4787       -1.0767      0.1158    
387      -3.4830      4.5279       0.0561       1.3856       -1.8376      -0.4927      0.3698    
388      2.9943       7.6007       6.7361       1.7636       -5.1482      0.3334       0.8023    
389      0.4564       2.8306       -5.4110      2.1308       9.7777       -1.8162      0.5357    
390      4.7060       -0.5472      -7.2665      -0.5824      -0.2704      3.1626       0.9922    
391      0.3691       8.0846       -7.6107      -1.2150      -2.3824      1.7610       0.2267    
392      2.2098       4.9721       0.9691       -0.2222      -1.1579      -1.1081      0.4493    
393      3.2261       -4.1830      -2.6737      -0.5218      1.3704       0.8959       0.9011    
394      4.0162       -7.6733      -5.3488      2.9027       1.1654       5.9551       0.2208    
395      7.5997       0.2224       -4.2255      -3.0565      -0.9494      2.0188       0.3472    
396      5.2398       -0.7183      0.1246       -1.7952      0.2761       -1.4849      0.5010    
397      -5.1547      -7.6914      6.0453       1.2416       2.6692       -1.7483      0.3178    
398      8.1315       -5.6688      8.0400       -2.2096      0.9064       -2.1747      0.6126    
399      -4.0045      -1.1268      1.8520       1.7501       0.2628       -0.1275      0.2711    
400      4.2950       5.6019       8.7203       -2.4257      -3.5292      -1.3178      0.7816    
401      -6.0211      -0.6140      3.9428       1.6683       -0.3533      -0.8457      0.2464    
402      1.3180       4.1237       0.3359       -0.2742      -2.4364      0.6359       0.9336    
403      -5.2669      2.6373       -4.5773      -0.8538      -0.1061      1.0947       0.1859    
404      -1.0955      -8.0119      -0.3281      0.7097       2.9105       0.1376       0.4581    
405      7.7774       8.9081       -8.5021      -1.3153      -1.9289      1.2316       0.7788    
406      7.3574       7.7785       1.5225       -2.0470      -2.5867      0.0132       0.6077    
407      -2.9588      2.8606       -4.4415      -0.3049      -1.3958      3.6631       0.5554    
408      -0.8035      -7.9598      -11.4487     6.4235       2.1326       -1.9931      0.9554    
409      1.2674       -0.6364      1.2636       -0.7479      1.2556       -0.6137      0.4177    
410      5.9840       8.5963       7.7354       -3.6207      -0.5691      0.3459       0.5478    
411      -5.3130      2.1651       -5.0735      1.0323       1.1192       2.8982       0.1640    
412      -7.5672      7.8049       0.3999       2.1459       -2.1118      0.5486       0.3990    
413      3.3427       4.7752       2.1738       -0.9831      -1.3964      -1.9673      0.3542    
414      -1.1473      -7.8788      -6.5111      -1.1884      3.4525       2.8264       0.5703    
415      -8.2351      8.3499       -4.9346      1.3119       -2.2039      1.3043       0.1013    
416      4.1354       8.1014       -4.9639      -0.9689      -2.5598      1.0565       0.4804    
417      -8.7638      15.6778      2.0640       -6.0160      24.5145      -3.1756      0.9117    
418      5.6387       8.3751       4.7554       -0.9746      -2.7254      -0.7287      0.1706    
419      0.5651       3.6576       -5.6385      -0.7415      -1.2012      1.9995       0.1382    
420      -6.9238      2.8153       -4.8256      -5.0035      1.5133       -1.7448      0.5625    
421      0.4726       -1.9644      7.1741       0.8014       1.1775       -2.6481      0.5155    
422      7.3675       3.4514       3.8577       -2.1936      -0.8879      -1.5250      0.2757    
423      -2.6523      -2.9607      8.1714       0.8318       0.6404       -2.9195      0.6059    
424      7.3462       -0.1188      -2.1863      -3.2339      -0.2150      0.2488       0.4459    
425      -8.6664      6.1455       -8.9694      1.6416       -1.4535      1.6473       0.3115    
426      2.4207       5.3601       1.0132       -2.7722      -1.6829      -0.1855      0.7466    
427      6.5803       -5.7796      5.9230       -0.6433      1.7448       -1.7108      0.8788    
428      -5.9656      -3.6832      -3.6444      1.6039       -0.0410      1.3202       0.3254    
429      1.9277       1.1731       5.9136       -1.2939      -0.4498      -1.3719      0.1467    
430      0.7956       -3.5841      -3.0960      -0.3632      1.3428       1.7101       0.7594    
431      -1.7073      -7.6143      5.1836       1.2157       2.5096       -1.7527      0.3992    
432      -7.8066      -2.2058      7.7688       2.1356       0.5959       -2.3389      0.2791    
433      -1.7093      4.3194       -6.7155      -0.1534      -1.3014      2.5087       0.9823    
434      -7.5956      0.0760       -5.7891      1.9781       -0.5632      1.2699       0.7641    
435      6.0919       2.4099       -3.8670      4.3027       10.0791      -2.1678      0.5347    
436      -4.1693      -3.9555      2.9909       0.5622       0.3717       -0.0869      0.1680    
437      7.6497       -3.3619      -7.0721      -2.8056      1.3265       2.2684       0.3407    
438      -8.5390      8.2747       -4.5818      2.3253       -2.0881      0.7923       0.3816    
439      -3.8487      1.6241       6.3573       1.2838       -0.5225      -3.4263      0.9503    
440      4.2226       6.6095       -5.1853      -1.0699      -2.1726      1.5391       0.4673    
441      -7.9656      1.8620       -4.2315      3.6474       0.4918       1.6748       0.8558    
442      -5.6886      2.9450       8.2485       1.1905       -0.9009      -2.6220      0.1834    
443      12.6360      -8.9970      3.3222       8.4236       -20.9406     5.7222       0.1081    
444      0.9209       1.7867       2.4567       -1.8126      -1.3282      -0.0319      0.2793    
445      6.7106       4.2991       -8.3226      -1.8216      -0.6269      3.0467       0.3228    
446      -7.2057      -0.8521      4.2130       3.1453       -0.1799      -0.7665      0.9563    
447      5.8117       6.1192       5.7471       -3.5151      4.3253       -3.4659      0.6551    
448      3.9839       4.9403       0.8591       -1.5785      1.3052       1.5025       0.6260    
449      0.7587       -3.7722      -2.4047      -0.1434      1.7835       0.3235       0.5089    
450      63.9230      -49.6136     41.4829      75.5655      -54.8827     46.0258      0.9427    
451      -7.2965      5.6764       -3.5528      2.9531       -1.5970      1.3335       0.5524    
452      -7.8989      0.1174       7.4810       2.0922       0.6375       -2.1214      0.6897    
453      -5.1074      -6.1002      -6.2383      -1.4172      1.5862       0.6919       0.8935    
454      -8.7124      -25.8716     -22.6467     -37.7936     -74.5835     -39.2825     0.5635    
455      0.6327       -2.4779      -2.5461      -0.2227      0.6547       0.8752       0.9224    
456      7.4925       -2.7011      -2.6235      -3.2286      1.4619       0.4813       0.1923    
457      -0.9398      1.4354       -0.1421      2.5395       0.3338       -0.8794      0.8541    
458      6.0732       4.0418       -0.7833      -2.2846      -1.7829      0.8327       0.2613    
459      -42.5821     34.6779      -29.8747     -74.9202     64.6536      -36.1877     0.7592    
460      0.5032       -3.6476      -7.7559      0.4848       5.1805       1.4200       0.3174    
461      -2.6958      -6.8502      -5.0651      0.4159       2.1651       1.0799       0.1520    
462      -1.9225      -4.6170      -4.9764      0.3898       1.4211       1.3475       0.4742    
463      -0.9872      0.4499       3.0818       0.8342       -0.7146      -1.7448      0.4708    
464      8.3612       5.6058       2.9539       -0.4712      3.1843       3.0533       0.4035    
465      -5.3938      2.4880       -4.7608      0.0839       -1.2503      3.5475       0.5570    
466      0.2128       -8.4660      4.9566       8.1546       -0.1649      -3.8553      0.6656    
467      3.6593       -4.4846      -8.2696      -0.2670      0.9774       2.9820       0.8392    
468      5.7577       -0.5794      -3.1053      -2.3370      -0.6545      0.5196       0.8695    
469      6.6574       -0.8516      -6.7928      -2.0499      -0.5342      3.3792       0.2831    
470      -7.2949      6.5769       -2.3673      2.7757       -2.1710      -0.2459      0.6835    
471      -4.2104      0.9501       2.4750       9.3487       7.5011       -8.5827      0.3890    
472      -5.4972      -2.5440      -2.3873      -0.4993      1.5447       0.2155       0.7505    
473      2.7334       3.7078       -8.3199      -0.7469      -0.9740      3.0875       0.1048    
474      5.3896       4.8300       1.0663       -1.5482      -1.7105      0.2237       0.8038    
475      4.0034       4.5360       0.8771       -1.0280      -3.5966      -0.5358      0.7680    
476      -5.8415      -5.4327      6.4495       1.4959       1.3311       -2.8690      0.6374    
477      2.7676       6.4287       1.1376       -0.5018      -2.4901      -0.9466      0.7448    
478      -4.3093      -5.1694      -3.3204      0.5701       1.7443       0.8468       0.9171    
479      -0.0491      -6.7550      -7.3274      -0.4278      -0.5563      2.1096       0.6936    
480      9.0597       -7.0993      1.0867       4.9806       -3.5956      -4.6547      0.3921    
481      -4.1408      -5.1349      3.1847       1.1394       1.2466       -0.9669      0.6958    
482      5.5647       5.0367       4.5497       -1.4519      -0.9663      -1.4097      0.4315    
483      -2.7100      -10.6067     -1.7007      -1.3893      -0.3242      3.8689       0.6016    
484      -7.5627      2.9675       -3.2449      3.3721       -0.8526      0.7267       0.9109    
485      8.6826       5.9799       6.1266       -2.4727      -1.1224      -1.4858      0.1854    
486      8.6477       -3.0658      4.6768       -2.7703      0.7606       -0.6964      0.3173    
487      -8.0965      -1.3324      -6.3477      2.3565       1.0308       2.1173       0.6096    
488      -3.0530      2.7442       -4.2896      1.3293       -1.5185      0.9032       0.7861    
489      -7.9443      6.2168       2.2010       2.5813       -1.0626      -0.5110      0.6282    
490      1.3920       8.2983       4.6570       -0.4437      -3.1640      -0.9640      0.3060    
491      1.9298       7.4839       7.2521       0.0939       -2.2306      -2.6929      0.9961    
492      8.3172       2.8326       5.5870       -2.6836      -0.2265      -0.7296      0.5093    
493      -120.3274    -185.3106    437.4405     -139.0538    -212.2049    494.4854     0.7218    
494      3.4511       2.4215       -3.6626      -0.9214      -1.1390      1.7458       0.2614    
495      3.2346       -0.6158      2.6179       -1.8703      0.7124       -1.4619      0.8012    
496      1.7412       3.5964       5.8017       -1.0149      -0.8632      -1.9738      0.5396    
497      -1.7516      -5.9948      1.5445       0.5335       1.7340       0.2737       0.6336    
498      -0.2677      -3.1068      -9.4811      3.3626       7.6903       0.9912       0.8929    
499      6.6338       2.7409       -5.0182      -2.1238      -0.9838      1.6970       0.7637    
500      -4.0303      5.6783       8.5704       0.6007       -0.8482      -2.8619      0.9760    
501      -0.7781      5.8662       -7.4449      -0.1140      -2.0796      2.5451       0.8353    
502      6.5832       7.8654       -7.5580      -0.9256      -1.6996      1.5609       0.3064    
503      -0.5260      -3.9781      -6.8214      -0.2106      2.4899       0.5734       0.7834    
504      7.7498       -0.9502      -3.7774      -3.3411      0.5511       1.3869       0.3093    
505      -6.3460      -3.9358      -3.3413      2.4161       1.0025       -0.6554      0.8281    
506      -6.2464      -2.9325      5.9402       1.7556       0.4813       -2.7924      0.3722    
507      -1.1797      1.6318       -6.8783      -6.4359      -10.2857     0.7021       0.6616    
508      -4.5556      0.0795       -6.6513      -1.0435      2.5116       3.7560       0.1513    
509      -1.4599      -0.8803      3.5872       0.2277       -0.1945      -2.0459      0.8760    
510      -4.6664      1.0207       6.6778       -2.0128      0.0359       -0.6523      0.2756    
511      0.2225       3.9225       0.0344       1.0206       -1.9735      0.5050       0.8738    
512      -1.5019      -2.8809      -0.5870      0.6635       1.2364       0.8212       0.9563    
513      -5.6691      1.2558       1.1515       1.6741       -0.2491      -0.8505      0.5974    
514      -1.5532      6.4573       -3.3746      2.5122       12.0778      10.1720      0.2968    
515      -5.5776      5.6776       -3.6515      1.4281       -1.8734      1.2907       0.2287    
516      -2.3512      4.6308       -2.4176      0.3018       -2.6754      0.7483       0.8163    
517      -7.2865      4.1538       -6.6710      -0.3339      0.2676       -0.5721      0.3369    
518      -8.9135      7.0832       5.3110       2.0771       -0.8123      -0.9308      0.5125    
519      -3.0353      -6.8076      0.3088       -0.4810      2.7946       0.5122       0.2868    
520      -4.5893      6.9675       -0.6896      1.3220       -2.5112      -0.0169      0.5385    
521      -1.0736      1.6652       8.3942       0.5904       -0.5004      -3.3753      0.2536    
522      -7.8672      -5.1083      -2.9284      3.1480       1.6615       0.4459       0.5589    
523      -0.5181      -8.0786      -7.3033      0.1358       3.1614       3.8236       0.2446    
524      -7.7565      -1.0866      -4.5417      3.5993       -0.1513      1.5996       0.6475    
525      -3.9795      -5.3485      -2.2681      0.6728       2.4781       0.2222       0.2129    
526      5.1882       -4.1688      3.2858       -0.8148      1.9664       -0.6409      0.1595    
527      -8.1842      5.7929       0.4162       2.9739       -1.3903      -0.0319      0.1271    
528      11.5090      -1.1189      8.5009       3.1389       -6.9705      -0.5142      0.3858    
529      8.4496       10.8595      8.4251       2.8680       3.4505       1.3409       0.9670    
530      -8.8163      4.6199       3.3590       0.6352       2.6233       -2.7826      0.4060    
531      -9.0592      -1.3325      -5.7568      -0.8704      0.2276       -2.6153      0.2672    
532      -2.8034      7.0091       -8.1895      -1.5425      -3.5729      0.0158       0.2354    
533      7.6115       -0.6286      -0.2379      -3.5795      0.8820       -0.5250      0.7761    
534      4.1104       1.7691       6.7124       -1.7994      -1.0456      -0.7458      0.1062    
535      -5.0869      2.7974       -1.8982      1.3939       -2.1161      0.1849       0.9183    
536      -2.7242      2.8986       -4.4677      2.3328       0.1539       0.3858       0.4870    
537      5.8153       -7.1436      5.2323       -1.8985      1.2647       0.8856       0.3699    
538      1.8260       -1.1149      -5.4958      -0.1328      0.4185       2.4080       0.4096    
539      4.1498       2.7984       7.4548       -1.1314      -0.7746      -2.4180      0.9085    
540      -4.8340      -4.0733      -5.2797      -19.5462     -6.6293      25.1536      0.6192    
541      -0.9797      -6.9019      8.3057       -2.5045      0.2413       -1.8739      0.7650    
542      -10.7051     3.3214       -2.5104      -1.9849      0.5694       -5.6221      0.3667    
543      7.8781       6.0469       8.6429       -1.7586      -0.7889      -2.0814      0.4128    
544      -7.8733      -8.1311      3.6985       2.3087       1.7186       -0.4227      0.3276    
545      1.6537       -1.5393      5.5891       -0.2866      2.3202       -1.3514      0.4263    
546      5.8057       -2.6876      -5.8395      -0.6812      1.7897       0.2718       0.8568    
547      -4.6382      -2.2660      4.9901       1.9606       0.3048       -2.4090      0.3730    
548      7.8413       -10.9619     8.5627       -1.3198      -3.1925      -0.7625      0.5280    
549      -1.6631      -5.8884      2.6753       0.2537       1.8331       -1.0304      0.1616    
550      -1.5783      -6.3166      1.8403       -0.0201      2.9015       -0.8663      0.4192    
551      0.9925       -1.9441      5.7683       -0.0937      0.1094       -1.8142      0.3298    
552      -6.1602      -2.4949      -1.9351      3.7373       0.8297       -0.3981      0.4557    
553      -5.1609      -7.2174      5.4660       6.8117       -7.9286      -1.3223      0.8914    
554      0.9960       -4.3568      -0.0307      -0.3630      2.0165       -0.0711      0.8976    
555      7.8856       5.8488       1.8308       -0.8759      -5.6994      -2.2300      0.5782    
556      2.7939       -1.1714      3.9204       -1.6585      0.4667       -1.4113      0.5863    
557      5.8736       -0.9204      -2.4041      -2.1834      1.0116       -0.1580      0.5356    
558      0.4534       -3.2182      1.3857       0.4447       1.3248       0.0517       0.1057    
559      8.3911       8.2405       -2.1569      -2.5031      -2.1805      -0.2430      0.8249    
560      7.5621       -1.7780      5.0735       -2.7651      0.3376       -1.0982      0.6432    
561      2.8377       3.2158       -6.4330      -0.7168      -0.9663      2.2964       0.3004    
562      -3.3536      1.0541       -1.5169      1.0886       0.3259       0.2995       0.7816    
563      6.8740       -7.3615      -2.1734      -2.1112      2.0875       -0.2219      0.6422    
564      -5.8804      -5.3750      -8.0788      1.7262       0.0077       3.1131       0.3083    
565      6.3914       7.3498       -1.5432      -1.8574      -2.3637      0.1397       0.4536    
566      -8.5047      1.3196       -8.7142      1.8192       -0.6707      2.2763       0.6295    
567      -2.1246      7.4412       1.1677       -0.0517      -4.0374      0.8536       0.9138    
568      -2.0956      1.0956       -7.2970      0.7419       0.0574       3.3423       0.3019    
569      -4.9555      5.8843       7.3913       1.1359       -0.9010      -2.5278      0.8836    
570      -7.5118      -5.3942      4.9042       1.2170       0.3755       -0.0882      0.4010    
571      -19.4364     -18.4229     89.1570      -27.5316     -30.5573     152.0013     0.2385    
572      -6.3777      -4.0808      -3.5519      2.7498       2.2800       -2.1531      0.1312    
573      -40.4312     57.0526      22.3651      -65.2012     90.0576      47.5094      0.9061    
574      -3.8164      -4.4555      -1.7123      0.4428       2.2170       -0.0824      0.7058    
575      6.5366       -1.6718      -5.1464      -0.5167      1.0849       3.5320       0.3436    
576      -7.6154      8.9893       -6.2707      1.4186       -1.8279      1.1700       0.6935    
577      1.3272       6.1617       -3.6108      -0.4345      -2.3855      1.2568       0.4847    
578      -2.6427      1.3441       5.8190       1.5533       0.2108       -2.3057      0.8409    
579      0.9137       4.8363       -8.0167      -0.5030      -1.4508      3.2771       0.9928    
580      3.7157       -7.1940      6.5861       17.7881      -2.6527      2.3526       0.2134    
581      8.3220       2.9814       5.9829       -2.5460      -1.0595      -2.2207      0.6428    
582      3.0775       1.4539       -1.3431      -1.0526      -0.2461      0.2164       0.7231    
583      -4.4943      1.9410       4.1874       1.8115       -1.0665      -1.4528      0.6454    
584      6.4309       -7.5549      4.3835       -1.3352      2.9349       -0.5827      0.3988    
585      -0.2620      -8.0273      -8.0461      0.7600       2.5152       0.0291       0.4838    
586      0.8390       -5.4913      -3.4912      -0.3244      1.9993       1.3125       0.9013    
587      0.9943       1.3052       0.0705       -1.0739      0.1514       0.1070       0.4069    
588      6.6053       -1.5628      -5.6589      -3.2204      0.7640       3.3422       0.7280    
589      7.7371       4.7458       2.3540       -1.1384      -1.2986      -2.2003      0.1010    
590      -4.5429      -4.8367      3.7770       -0.2370      2.3783       1.2123       0.7559    
591      -14.5260     8.9424       7.1866       -18.6214     9.2618       10.1203      0.8484    
592      60.7296      -43.1859     -21.5393     64.5679      -56.9577     -16.5812     0.2064    
593      -8.1848      3.4464       -2.7750      3.8949       -1.5925      0.1359       0.8660    
594      6.8680       1.0966       0.0675       -5.0353      -0.4477      -0.4705      0.6464    
595      -30.8196     87.1477      75.5012      -45.9530     148.9029     134.8154     0.9886    
596      -1.0113      0.4526       6.3596       -0.2587      -0.4843      -2.3281      0.3942    
597      -3.1142      -1.6997      3.1145       1.5397       0.6784       -0.6162      0.6692    
598      -6.4932      1.3108       3.3511       1.9884       -0.6191      -1.1414      0.5500    
599      5.0124       1.5569       -5.6398      0.5151       -1.3544      1.4214       0.6554    
600      8.0277       -7.6846      -4.7531      1.2090       -2.1311      4.2483       0.6270    
601      0.4868       -7.5901      -8.8060      -0.3094      1.3144       0.4779       0.3104    
602      2.2616       5.6610       -7.9632      -0.9741      -1.5324      2.5074       0.3770    
603      2.0062       7.0067       5.5336       -0.5737      -1.9984      -1.3178      0.6769    
604      -0.5842      -5.2883      3.8010       0.1730       1.9135       -0.5350      0.1188    
605      -3.4815      -7.5911      4.5391       0.4622       2.7430       -1.5282      0.4563    
606      4.7834       -0.8082      -1.9038      -0.7264      0.2950       -0.1787      0.6261    
607      9.8857       -6.8220      -0.9201      0.4683       -7.1946      13.5240      0.6923    
608      7.9705       -0.8714      -2.5896      -4.0421      0.1927       0.5075       0.4733    
609      -0.0654      3.2138       -3.3129      7.2065       1.3416       -11.0140     0.9465    
610      2.3471       7.7798       -6.3079      -1.4508      -2.8004      0.6103       0.4613    
611      -3.0588      -6.2767      -1.9950      0.4287       2.4098       0.4350       0.1527    
612      1.1154       1.5214       6.4143       0.0446       -0.4582      -2.2157      0.5863    
613      -7.5506      1.0878       7.2057       1.7242       -0.3962      -1.7702      0.2363    
614      -4.2602      -5.2987      -6.8726      -3.7648      -9.6571      3.3202       0.8456    
615      -7.0383      -0.1878      2.2667       2.7275       0.4991       -0.6730      0.9468    
616      -6.9852      7.1038       8.2720       1.1203       -0.8367      -2.2109      0.4649    
617      -1.4469      3.0059       7.3637       -7.7544      5.2716       -1.8856      0.9555    
618      -8.6678      8.9320       -7.7937      1.7308       -1.3890      1.0300       0.4959    
619      2.8046       -2.1397      -7.4849      -0.1269      0.4179       2.8942       0.2947    
620      -2.8164      -7.3078      5.7678       -6.9151      5.6575       0.1538       0.8198    
621      1.0699       5.4632       2.0661       -0.0831      -2.2029      -1.0751      0.9622    
622      0.0658       2.1965       -4.8446      -1.3227      1.4192       0.5378       0.1536    
623      0.9801       0.8352       -0.8134      -1.9765      -7.4880      -1.7357      0.4977    
624      -5.6973      -5.5484      -5.8616      2.2311       1.6871       0.0841       0.5605    
625      -0.1921      -1.9623      6.1978       0.3262       0.7556       -1.4161      0.1640    
626      0.7508       1.1296       6.7398       -0.7027      -1.6840      -1.3609      0.1882    
627      17.4874      -22.6347     16.2219      29.8045      -17.9430     17.1119      0.8579    
628      -4.0044      -7.2826      -6.1292      0.1321       2.5375       1.0196       0.3213    
629      0.9239       7.8141       0.9158       23.0295      -3.8482      -13.0700     0.5993    
630      -7.0221      -8.3843      2.7696       3.8994       3.2531       -2.0340      0.4739    
631      -8.2257      -2.6618      -5.7709      2.7320       1.2514       1.4170       0.7558    
632      -3.3782      -1.8998      -4.5407      0.6830       0.5163       1.4336       0.7098    
633      2.2167       -3.5526      8.9724       2.3301       -5.2374      0.3525       0.8042    
634      8.4827       -4.8935      6.8391       -2.9112      0.6984       -1.2481      0.4687    
635      8.1737       -5.7070      5.6408       -2.7344      1.3869       -0.6825      0.6205    
636      6.2463       4.9847       6.0801       1.3011       -8.3215      0.3990       0.4742    
637      0.4510       -1.3309      0.6785       -1.4303      1.4102       0.6453       0.4564    
638      -6.4850      -6.1325      7.8471       1.6613       1.3316       -2.4159      0.2875    
639      -1.8906      2.6152       -0.4455      2.2059       -1.6597      -0.0840      0.6180    
640      -5.8537      -0.4590      0.7967       1.8788       0.3326       -0.6267      0.1227    
641      -2.4410      4.7720       0.8972       1.0431       -1.6690      -0.9837      0.8166    
642      3.9559       1.9047       -0.3736      -1.4107      -0.5730      -0.2248      0.6394    
643      0.1909       -4.1991      -8.3150      -0.1547      0.1272       3.1182       0.1216    
644      2.7070       8.0083       -6.6067      3.0246       -0.2898      -0.2983      0.5955    
645      -1.3287      0.3602       6.4282       1.3309       0.0160       -3.2197      0.6194    
646      7.1013       1.6771       8.2310       -1.6239      -0.6187      1.3738       0.6149    
647      -5.8707      -4.5815      -5.5942      1.2758       -0.2994      0.4267       0.6292    
648      7.3931       22.8578      -6.8638      11.8907      28.0512      2.1939       0.2926    
649      -4.0010      -1.8848      4.9884       0.7351       0.1633       -2.6184      0.8188    
650      8.2326       -8.4718      -6.2425      -1.7331      2.4087       0.3983       0.6967    
651      3.4786       7.6841       8.5346       -0.2584      -1.9230      -3.0007      0.1443    
652      -4.8688      6.7871       -4.0501      1.0777       -2.3433      1.6010       0.5501    
653      3.0454       -4.5534      4.5257       -0.9224      1.4184       -1.1134      0.2887    
654      6.6929       4.9479       7.2220       -4.8450      2.9643       -2.8890      0.7225    
655      7.3234       -1.7284      -6.4537      -4.2236      1.3032       1.4720       0.2861    
656      0.0943       -3.0480      -1.3398      -0.0387      1.4007       0.2845       0.4648    
657      -6.0125      -4.7390      3.8304       -2.8067      2.5709       -3.5447      0.9073    
658      12.1275      -6.4125      8.3545       7.4732       0.1966       -1.2896      0.5376    
659      -5.8888      -4.1661      -2.7401      3.3372       1.0997       0.7059       0.8728    
660      6.1881       4.5417       -6.2921      -1.9271      -1.7068      1.6924       0.3985    
661      -0.1684      2.4185       0.1948       -0.3825      -1.1134      -0.0687      0.8753    
662      -10.2637     11.0807      -4.2342      -11.7220     9.2500       -3.0633      0.9512    
663      -3.3594      6.2110       -6.7028      0.7112       -1.9896      1.2661       0.3271    
664      6.5359       -5.6777      -7.7050      -1.8482      1.8479       2.3229       0.4451    
665      -1.3235      4.5127       0.5348       10.1579      -4.4966      -0.8403      0.6439    
666      -0.7421      6.0169       6.0070       0.2473       -1.0319      -1.1582      0.7039    
667      3.2526       -2.4928      6.6660       -1.4725      0.5718       -1.7421      0.8977    
668      -8.1804      8.0032       2.4948       0.9355       -3.6247      -2.7583      0.9479    
669      -3.4867      4.4410       -1.9177      1.2414       -2.0477      0.4131       0.9782    
670      -2.2637      -2.3921      -2.5347      0.7214       0.8979       1.1527       0.5550    
671      0.1772       -6.1181      7.4326       2.6161       3.7207       -5.6486      0.6358    
672      -1.4392      -1.1544      4.5357       0.5787       0.7985       -2.4270      0.4771    
673      -0.7095      -4.2064      4.6004       0.2198       1.3629       -0.8037      0.9962    
674      16.7251      -14.6352     4.9143       22.1157      -28.5448     9.9531       0.2977    
675      -9.0219      7.4777       5.9419       1.8540       -1.7268      -1.7981      0.1608    
676      4.7174       7.2786       -1.3617      -0.1335      -2.6272      0.4348       0.4373    
677      1.8052       3.9478       -6.6538      -1.1369      -1.0013      2.3039       0.1484    
678      -5.5621      -7.8787      -2.0429      1.2698       2.7950       0.2672       0.7080    
679      -0.2420      6.5352       6.4523       -0.8356      -1.1017      -1.3643      0.9900    
680      -0.3717      8.2121       4.6449       -0.0001      -3.1574      -1.0056      0.8718    
681      -7.1203      3.2991       -2.8857      1.8915       -1.8140      0.3417       0.8370    
682      -3.1424      2.1734       -7.1630      0.5049       -6.1868      4.8781       0.1614    
683      -5.4613      1.3319       -3.4775      1.5432       0.5310       1.3326       0.9148    
684      -0.2513      -3.6059      -6.6859      -0.4742      -0.5779      2.3857       0.3683    
685      -3.7234      -5.5880      4.6301       -0.1519      2.3333       -2.0854      0.1635    
686      6.3887       -5.8589      6.1167       -5.3605      -0.1586      2.7099       0.3223    
687      11.1836      -14.1361     4.1657       8.0338       -15.1983     -5.8409      0.9413    
688      7.0478       5.8652       6.7878       -2.2572      -1.1176      -1.9678      0.4393    
689      5.7013       9.2949       -47.0556     12.3273      13.3868      -63.9377     0.5530    
690      5.0680       4.2121       2.0761       -1.7671      -1.1555      -1.6765      0.4396    
691      -0.8360      -8.3865      -4.6435      1.1346       2.2101       0.1939       0.1388    
692      -5.8368      -1.9198      7.5147       1.2705       0.4251       -2.8681      0.9831    
693      -136.1023    313.1556     74.7052      -143.7094    330.7891     83.7267      0.9443    
694      7.2904       8.6636       3.2472       -2.9802      3.3385       2.3854       0.3823    
695      2.7828       -2.3738      -5.9991      0.1129       0.9447       2.1379       0.2190    
696      -5.5523      -4.6783      -3.5169      1.0067       0.9929       0.8958       0.4263    
697      5.5389       -4.8030      -0.9338      -1.9524      2.4430       -0.6348      0.8953    
698      -2.9363      3.5086       -7.8098      0.2971       -0.2666      3.5929       0.6488    
699      -3.0211      -3.5051      -6.3187      4.3497       -3.0746      3.8120       0.9197    
700      -8.3978      -0.2577      -6.3764      2.1150       -0.1461      2.1034       0.9692    
701      -4.9997      4.2050       0.6061       1.7553       -1.3589      -0.6610      0.2759    
702      -2.0060      3.8886       -1.9273      14.8862      -14.0789     4.3663       0.9569    
703      4.1804       1.7950       6.6702       -1.1935      0.2701       -2.5894      0.3043    
704      2.0330       10.2069      -1.6248      -3.6500      0.9076       0.1247       0.5401    
705      0.8529       13.2015      -6.3779      6.9886       9.9835       -15.4391     0.4903    
706      6.2141       -2.3313      5.3973       -3.5585      1.6557       -1.9664      0.8246    
707      6.0045       -2.1125      -7.0152      -1.9222      -0.3123      4.9594       0.7741    
708      -2.1946      2.7700       -5.2928      1.1175       0.0060       2.2844       0.3627    
709      9.0218       -17.8858     -16.4950     5.9743       -26.6731     -16.4830     0.4844    
710      -0.2330      6.4383       0.4615       0.6034       -3.1021      -0.0475      0.2111    
711      -5.1165      -8.2743      -8.3172      1.2275       3.0255       2.0029       0.8552    
712      0.8426       -6.2093      3.7889       -0.0265      0.3604       -2.2821      0.9779    
713      1.2576       -2.7042      2.2948       -0.4267      0.8689       -1.3284      0.3951    
714      5.4710       1.6156       -1.7789      -1.7311      -0.7703      0.7577       0.8827    
715      -5.5025      5.7315       6.5248       7.1140       0.5237       -0.6824      0.7359    
716      0.1056       2.1620       -4.9054      -0.6420      -1.4862      2.2670       0.6038    
717      6.0419       2.8017       -0.7096      -2.3056      -1.2896      1.0879       0.5748    
718      -7.2686      9.5335       1.0613       -5.4685      40.6916      -7.3293      0.6080    
719      4.5405       -5.7302      -5.5742      2.7247       2.4200       -3.5026      0.9303    
720      2.9820       4.2383       -6.8537      -4.2236      3.9862       -0.6906      0.5408    
721      0.2819       -2.3617      0.4379       -0.5543      1.9771       0.2369       0.1765    
722      -2.9285      1.9873       1.9237       -5.8522      -4.1261      12.6820      0.9396    
723      7.4119       -0.0646      -3.1711      -2.0493      -0.3826      0.4593       0.4027    
724      7.5543       -8.6523      0.9998       -1.7700      2.2603       -0.0544      0.9752    
725      -0.2037      2.5459       -4.9843      -2.3764      0.6361       1.9134       0.1955    
726      5.5915       -3.8645      -5.8177      -2.2762      2.8977       0.9993       0.6191    
727      -6.5608      -8.3257      -8.2017      1.9884       1.9685       1.6496       0.4941    
728      6.0713       -3.6418      -1.7631      -0.9480      0.7095       0.4705       0.6138    
729      -3.4574      -3.3204      -6.7923      -0.6954      1.0608       2.4542       0.9696    
730      7.7447       6.4798       2.1505       -3.7953      -2.0053      0.2139       0.5101    
731      -0.5837      4.0366       -3.8620      -0.3804      -2.4647      1.2150       0.5371    
732      6.4080       2.3969       0.5464       -3.4057      0.4319       -0.1993      0.6033    
733      -2.6337      -4.5002      -3.1012      -7.2182      8.4093       13.7255      0.1717    
734      2.9183       6.6877       1.1048       -1.6738      -4.4653      -0.9025      0.4658    
735      6.8989       2.4322       6.8131       -1.4955      -1.0348      -2.2999      0.2816    
736      5.5966       14.2613      3.4853       -5.4544      17.8964      0.5169       0.5267    
737      -4.7171      2.3239       -7.7674      1.6275       0.0358       3.0265       0.9862    
738      -5.1912      -6.1485      -6.3064      2.2278       3.9312       -1.6345      0.1189    
739      -7.6631      -1.1905      5.4289       3.2926       -0.1412      -1.9002      0.9219    
740      -2.0330      5.4423       -6.4779      0.3165       -2.4126      1.6043       0.7090    
741      18.8011      -5.4859      -41.6927     120.5131     -74.5192     -211.2045    0.9365    
742      -5.2402      5.3988       4.1981       1.5061       -1.1229      -1.1160      0.3740    
743      8.2597       2.5727       3.9148       -2.9547      -0.5330      -0.9966      0.4911    
744      -0.2147      -5.2932      6.7787       -11.9419     1.3441       -4.7973      0.4544    
745      0.1525       -0.1238      3.7078       -3.9245      2.4219       -2.1465      0.5269    
746      -5.5194      -2.4390      -2.5319      11.5777      -3.1751      -5.7879      0.2366    
747      0.9010       2.1705       -0.7491      -2.1556      -0.4400      2.2689       0.1066    
748      3.3973       2.9694       -7.8149      -0.8882      -0.6026      2.8915       0.5518    
749      6.8480       3.2114       1.2727       -2.9786      -2.6054      -0.7592      0.5276    
750      -2.5878      7.7591       2.2342       0.5610       -5.1134      -4.3667      0.1619    
751      1.3071       2.0859       5.1241       1.6493       50.9532      -22.3117     0.1491    
752      5.0955       0.3332       -1.5831      -6.3304      -0.3972      3.6543       0.2734    
753      -5.1007      -3.7713      5.1530       3.9946       0.8448       -1.2011      0.3995    
754      7.7884       -3.0166      8.6000       -2.0633      0.3526       -2.4717      0.5143    
755      3.0374       8.7673       -8.0049      -3.9670      -3.8077      3.7755       0.2659    
756      -10.7962     -6.1589      3.2267       -2.0332      5.8086       -3.9392      0.4855    
757      -8.5880      5.4464       -8.9285      1.6880       -0.4892      1.7513       0.5820    
758      -1.5420      -1.0918      5.6721       -1.7082      2.0420       -3.8672      0.9342    
759      8.4656       -5.6979      -5.4291      -2.0014      -8.4451      -5.7670      0.6218    
760      -3.8351      -4.3566      -1.7664      1.1934       -1.0434      0.7549       0.1743    
761      -5.9650      -0.8714      -0.0392      2.0153       0.7830       -0.4158      0.3729    
762      8.1851       8.0938       -2.8228      -2.3205      -1.7036      1.2191       0.8296    
763      8.4093       -7.8967      -6.4643      -1.0250      -0.3199      0.6550       0.3319    
764      -0.7844      3.7520       4.0592       0.1216       0.1503       -1.1543      0.5800    
765      -1.2526      -6.1452      8.1443       1.2724       0.9242       -2.8731      0.3045    
766      0.7606       3.4965       0.1257       -0.3792      -0.6853      -0.2176      0.7949    
767      -5.7274      -2.3657      -2.3829      0.6973       1.1044       2.2603       0.8146    
768      310.9644     -602.0255    -80.4198     498.8864     -966.5375    -139.5861    0.3348    
769      -6.9185      2.4259       1.2622       5.5596       -1.3231      1.7549       0.8771    
770      -7.2518      1.4674       6.6469       -1.1191      0.5892       -0.7681      0.1832    
771      4.1913       -4.2119      8.4300       8.1041       -3.2636      0.9628       0.3229    
772      -2.7829      6.9922       8.0171       0.5376       -1.8695      -2.7191      0.7190    
773      -3.7947      4.0230       -7.6225      1.6141       -1.4503      2.8135       0.3841    
774      -0.2656      -3.1079      -5.4094      -0.1540      0.8366       1.5673       0.5002    
775      1.4651       8.2782       -4.7850      -0.1448      -2.8551      0.7599       0.1797    
776      3.5572       -7.4030      1.5606       0.3132       2.8515       -1.0586      0.1273    
777      6.1686       -1.6317      -5.2453      -1.3597      -2.0917      1.1049       0.2792    
778      -2.1356      2.3076       0.4732       2.4695       -0.0971      -0.4459      0.2922    
779      34.6821      -47.2720     -30.8130     61.9996      -86.6006     -42.5071     0.9592    
780      9.4220       -0.6454      -9.7457      2.8476       5.1173       -0.0283      0.8000    
781      6.2785       5.9781       -2.4603      -1.8338      -1.7875      0.8414       0.7314    
782      -8.1045      -1.5777      -3.2288      0.9952       2.3009       1.0421       0.8305    
783      -3.3851      -1.1441      3.7139       1.5366       -0.2210      -1.6332      0.6961    
784      0.9679       6.8942       -5.2721      -3.3972      -4.4059      4.0364       0.5270    
785      -3.2224      1.1556       5.6995       0.8166       -0.6510      -3.9519      0.1460    
786      -4.8492      0.2681       -3.3982      1.0300       0.9209       0.8921       0.3323    
787      -0.1212      -8.5129      8.2836       1.1557       -5.3969      -0.2835      0.7983    
788      3.7462       5.5206       -8.6819      -5.4004      0.3917       -2.3125      0.6818    
789      -0.8618      0.2699       -7.3504      -0.1749      -0.1520      5.0779       0.3634    
790      0.5901       -5.3132      4.5242       -2.3905      8.5759       4.3487       0.2310    
791      7.2636       0.8476       -0.5504      0.9760       2.0427       -1.7537      0.8454    
792      2.0546       -7.4638      -7.1552      -0.8992      2.1148       1.3471       0.3340    
793      -2.2971      7.1330       1.5088       0.2785       -2.9541      -1.3366      0.7623    
794      -3.8496      2.1522       -3.2374      1.2091       -1.0607      0.1252       0.9376    
795      -7.1974      1.9993       4.8165       8.0037       -9.3128      3.8199       0.1587    
796      5.7730       2.7625       2.1991       -1.2894      -0.4149      -1.6902      0.9206    
797      -1.0622      -7.6470      -2.6771      0.2421       3.1431       0.2262       0.1496    
798      -1.0203      -0.4763      6.9006       0.7863       0.3508       -3.4923      0.1594    
799      7.8649       -2.2053      -0.6343      -3.2465      1.1577       -0.4562      0.7438    
800      -3.8684      -3.2055      -6.7145      2.2079       1.0017       1.6308       0.8827    
801      6.5604       -0.3861      -0.7769      -2.6557      1.5450       0.1821       0.3202    
802      -2.6026      8.5529       -0.0142      -1.3453      1.5870       -11.1085     0.1917    
803      6.9856       5.8643       4.4109       -2.4502      -1.1381      -1.6196      0.4082    
804      0.7968       -6.8867      4.3080       -0.3224      2.7596       -1.6498      0.2658    
805      -7.7142      1.3674       6.1697       2.4557       -0.6907      -1.2474      0.8375    
806      -2.7702      -2.6006      1.7535       1.4959       0.9715       -0.4775      0.6631    
807      1.1287       3.9050       2.6898       -1.0436      -1.9599      -1.4826      0.2169    
808      3.2614       6.6773       7.6993       -0.6157      -0.9529      -3.1436      0.8316    
809      1.2055       1.9606       4.5384       -0.8178      -0.9100      -2.1836      0.7728    
810      5.9522       -3.6879      2.4688       -2.0526      1.1820       -0.6977      0.6218    
811      -5.3548      2.6354       -4.8426      1.7530       -3.0360      0.3569       0.2905    
812      -5.9665      4.2407       -0.0370      2.2500       -1.8400      -0.1660      0.3096    
813      -5.9057      3.2139       1.4162       1.9269       -0.9482      -0.8105      0.4649    
814      8.0615       -3.4511      -3.6733      -3.2261      1.4660       0.8164       0.9238    
815      -4.2088      6.9400       -7.1659      0.9208       -2.0683      1.6010       0.9715    
816      -1.0678      7.4511       3.0615       -0.2124      -2.9241      -0.9238      0.1837    
817      -6.1248      -6.8875      -1.6232      2.0430       2.1681       -0.1001      0.6791    
818      -5.4003      -6.5358      -6.5962      1.1261       3.2624       0.1920       0.6902    
819      0.6412       3.2874       3.0711       -0.3933      -0.5323      -0.1318      0.5100    
820      6.9615       1.9697       5.7323       -1.8138      0.6872       -1.6878      0.7069    
821      8.4930       8.5866       3.3589       -2.2576      -2.3777      -0.6670      0.8026    
822      7.0188       -1.9719      2.1545       -2.3837      0.8314       -0.9214      0.7859    
823      8.0492       7.7837       -6.0017      -1.3583      -2.2964      1.1125       0.1606    
824      -3.8036      7.1814       2.3941       1.7074       -2.1510      -0.5020      0.1253    
825      -2.4850      0.1561       -6.9105      -0.5471      -8.4820      -1.4798      0.4647    
826      1.4908       -7.2078      -8.3792      -0.9324      1.3065       2.4688       0.9994    
827      -4.5891      -4.2475      3.2082       2.2905       0.6243       0.0154       0.8156    
828      -7.1408      8.6084       8.4732       0.2265       -1.8637      -1.4756      0.3445    
829      6.0379       -2.1346      -6.9175      -0.5160      1.0349       1.2374       0.4745    
830      -5.5637      8.1150       5.0384       2.9793       -3.1455      -3.4857      0.2083    
831      1.6369       6.7376       0.2677       0.0734       -3.7771      0.5433       0.7587    
832      -5.5173      -2.4832      2.6581       2.1518       0.6395       -0.1508      0.9966    
833      -0.2405      5.1398       -0.8402      0.5616       -2.4901      1.0645       0.4698    
834      -10.1165     2.7047       4.3908       -48.5320     0.8855       23.0085      0.8862    
835      -4.4022      -5.0985      4.0383       1.4230       1.7023       -1.7526      0.9638    
836      5.9365       6.2482       -1.5349      -0.4179      -1.6191      0.4717       0.1180    
837      1.0643       -0.6751      0.7018       -1.3265      0.4672       0.7990       0.4984    
838      4.1969       -4.8973      5.5287       -0.9854      0.9808       -1.3942      0.6652    
839      5.9675       -1.1813      -4.5167      -1.3537      0.8656       0.6899       0.5391    
840      -4.8601      2.3344       -2.5698      1.9030       -0.3933      0.5775       0.6093    
841      6.9926       5.2440       -0.8289      -2.7589      -1.5400      0.3002       0.2731    
842      -0.5964      -4.4658      7.0036       0.3004       1.2042       -2.5727      0.6684    
843      0.7402       -6.0493      -2.3649      -0.2782      2.7142       0.2371       0.8002    
844      -4.7519      -5.5403      -1.9522      1.6673       2.4265       -0.1963      0.5655    
845      -7.6824      9.1705       3.9120       2.5104       -0.0159      1.4907       0.9693    
846      -5.8048      3.0106       -5.2257      2.2745       -0.3692      0.3212       0.6530    
847      6.8745       -7.2745      -2.8889      -1.9343      2.2454       1.1073       0.7594    
848      3.4466       -5.0076      -4.7266      -0.3517      1.4395       1.1405       0.1177    
849      7.0113       9.2386       -2.2341      -0.8779      0.6794       1.5446       0.8429    
850      -7.4560      -2.9083      5.2284       -10.8251     25.2225      -3.1864      0.3780    
851      -2.0397      4.9411       5.2426       1.2006       -1.0349      -2.0015      0.7947    
852      -0.2453      6.7224       6.6572       -0.1921      -3.4051      -3.5313      0.8122    
853      -5.3008      5.8519       6.2277       1.2861       -0.5843      -1.3144      0.2349    
854      0.8293       0.9900       2.3971       0.1937       -0.7294      -0.9510      0.2288    
855      -8.3025      1.1854       7.6358       3.0100       -0.3971      -1.8944      0.5878    
856      -0.8615      0.2966       -7.4212      -0.0364      0.3104       1.4718       0.5368    
857      -5.6494      2.8591       -4.5234      2.3919       -2.4002      4.3907       0.9661    
858      1.0222       -7.4572      2.1108       0.7656       2.4709       -1.1703      0.9811    
859      -0.0965      -0.7266      4.1996       -0.2098      0.4352       -1.8685      0.1805    
860      -0.8737      5.7446       7.1989       1.4393       -2.0624      -0.8553      0.8873    
861      -6.4175      3.7246       -6.6622      1.9573       -1.3261      2.6872       0.3103    
862      -88.7272     61.9238      -51.6728     -112.7556    82.7259      -68.9098     0.6342    
863      -6.6590      -1.1626      -5.9238      1.5427       0.5664       1.8726       0.5555    
864      6.0351       8.4144       0.3073       0.5733       1.7865       -0.0924      0.8634    
865      -0.0475      -0.2930      0.2872       0.1108       0.4686       1.1020       0.4000    
866      -0.2600      1.9584       -4.5256      -0.1600      1.0876       1.4568       0.1961    
867      -5.0038      7.6909       -3.2546      0.3973       -2.5200      1.4661       0.1316    
868      -2.5384      0.9790       0.7991       2.1328       0.2609       -0.5382      0.4396    
869      -4.0206      -4.4154      -1.1559      1.6448       1.5326       -0.9046      0.1190    
870      -1.9474      4.4923       -2.5671      -0.8345      -2.0026      1.4734       0.1471    
871      1.4523       2.8858       8.6881       -11.0178     17.7605      2.3711       0.9153    
872      -6.4702      -5.6644      -0.1549      2.1699       1.6689       -0.1405      0.9788    
873      -3.5201      4.6024       4.9870       -1.7874      -7.6922      7.8354       0.9902    
874      -4.1724      2.9869       -7.5103      1.1055       -0.8618      2.8251       0.8220    
875      9.9473       5.4841       7.7394       5.9245       8.3667       18.6126      0.7807    
876      1.3663       -8.1413      -9.1726      1.5046       0.4984       0.6401       0.6737    
877      5.4656       -0.5732      -2.7678      -0.7268      0.0465       -0.2417      0.2513    
878      0.2900       0.0900       1.8720       -0.0452      0.6004       -1.3384      0.1453    
879      -3.3466      -5.1872      -5.4703      8.2277       1.6528       6.4666       0.8525    
880      -5.9400      -3.7906      -4.1569      1.9840       0.4281       2.0472       0.4667    
881      8.4437       -8.1572      -6.5139      -2.7811      1.4090       1.7797       0.8528    
882      0.0514       0.4817       1.1590       -0.3367      -0.0650      -0.1265      0.6341    
883      -5.3981      -6.8579      8.2300       0.9127       1.6113       -2.4451      0.3675    
884      -6.1681      -6.1671      3.9242       2.2885       1.9202       -0.1189      0.7227    
885      -6.0262      -4.7227      5.6397       1.7796       0.9295       -2.5240      0.4623    
886      -15.7993     22.8676      -1.2827      -29.6998     23.9909      8.4842       0.4620    
887      -8.0195      -0.0910      -6.7120      3.1981       0.1496       2.1243       0.8229    
888      -5.6650      -2.3778      -2.3737      -0.2616      -1.6798      2.4289       0.2713    
889      -2.3829      -6.4780      2.3629       0.7108       2.8003       -0.5200      0.4512    
890      3.6030       11.3324      4.6377       4.8889       7.9472       8.5429       0.6798    
891      2.8170       6.7455       7.0150       -0.4748      -1.0862      -1.7110      0.7665    
892      5.5616       -0.6491      -3.5649      0.9504       -5.4288      5.6200       0.5174    
893      -5.7649      -3.0848      -8.2127      1.5682       0.3718       2.8953       0.6971    
894      4.4456       -2.5818      -7.8554      -3.6875      5.1145       0.5215       0.8583    
895      0.1514       8.3424       -7.3771      0.4173       -2.7339      1.3163       0.9355    
896      -7.2099      0.8130       1.5361       3.0320       -0.3352      -0.5729      0.8593    
897      -9.8771      7.1096       1.3021       -6.9612      1.0398       0.5592       0.6119    
898      6.3676       -0.9848      8.1220       -7.3951      3.9130       -2.2393      0.9565    
899      -3.1085      6.5308       6.6159       1.0614       -1.6076      -2.1225      0.3804    
900      6.6043       -0.0346      -0.7257      0.9224       1.6512       -0.6180      0.4386    
901      -2.3750      0.5600       5.3529       0.6252       0.1496       -1.7034      0.3425    
902      -3.9266      7.6202       3.9391       1.0359       -2.0855      -1.0921      0.6563    
903      0.0866       1.0462       -2.1846      -0.1678      0.3718       1.2508       0.4678    
904      -0.4242      -8.1518      -7.8120      0.0925       2.7994       2.6577       0.3188    
905      4.4215       -5.4734      -5.6084      -0.9982      1.9382       1.8170       0.6807    
906      2.4400       5.4963       -0.8242      -1.0919      -1.9221      1.7043       0.6366    
907      3.8384       -8.2587      0.7287       -0.5740      3.3439       0.7109       0.9716    
908      -2.8787      6.4429       2.0275       -6.5674      12.8577      -11.8964     0.3162    
909      -1.2768      -0.9824      1.8724       -2.0189      0.0816       -0.4195      0.8472    
910      3.0412       -2.9221      7.1867       -0.5592      0.9469       -3.0661      0.7672    
911      0.2666       -0.7867      2.6040       -12.8385     -18.5759     -9.9664      0.3220    
912      -0.9302      1.7149       0.1944       -2.4993      -1.6843      -0.8400      0.1793    
913      15.1111      2.9337       -14.8891     25.9495      -3.4416      -28.8428     0.3966    
914      -0.8503      5.9080       3.3414       0.6126       -2.4816      -0.7373      0.1538    
915      6.6548       -2.7269      -3.1543      -2.2663      1.2835       1.2909       0.4170    
916      8.1593       -1.9317      -7.0749      2.3222       -1.0742      -2.2740      0.7857    
917      0.0796       7.9456       -0.5557      0.1175       -3.6690      0.2987       0.2412    
918      8.0608       3.7525       -6.7649      -1.8519      -6.0750      -9.5732      0.8935    
919      0.5936       4.3877       0.6638       0.6220       -2.2953      -1.1717      0.5766    
920      -2.5030      -18.8527     5.8553       4.7794       -21.8061     3.2706       0.9719    
921      -0.3965      -6.8003      0.9255       -2.2962      3.3325       -1.3930      0.3883    
922      7.2290       -5.6337      1.9985       -1.6786      1.1046       -0.6053      0.3387    
923      3.5079       7.6416       -4.2700      -0.4940      -2.5953      0.7368       0.1635    
924      8.2958       -1.6079      2.1323       -0.5804      -13.8807     -2.4055      0.7426    
925      7.6846       1.2230       -9.0015      0.0641       3.6151       -10.3838     0.5342    
926      2.0993       -8.3336      -5.6996      -0.7013      2.9003       0.8310       0.4819    
927      3.9370       1.6945       -3.2495      -0.6933      -0.7179      1.5854       0.2176    
928      -2.1381      -8.1675      -5.2016      0.7440       2.7215       0.8050       0.5270    
929      -8.6612      -6.9178      4.9478       2.1508       3.0436       -2.7868      0.7149    
930      -9.3707      4.7169       5.8013       -2.0872      -1.8954      -2.2950      0.8608    
931      3.9724       8.3500       -6.1068      -1.1259      -2.5104      1.5332       0.2682    
932      -8.0850      9.2154       -8.6576      1.0847       -1.4987      1.6582       0.5992    
933      7.3582       7.9271       -8.8486      -1.2605      -1.1215      1.9307       0.8994    
934      0.5149       2.4342       -7.6932      1.7167       0.2297       -0.7638      0.5453    
935      -6.4944      1.7287       -0.8353      3.6531       0.5210       -1.5130      0.5696    
936      1.5886       -8.4275      4.5878       -0.3366      2.8989       -1.1895      0.7794    
937      7.7099       -4.0004      -3.3434      -2.7202      2.5470       0.3747       0.4206    
938      3.2432       1.2387       -1.6551      -1.5313      0.2209       1.6272       0.1707    
939      -2.0959      -1.0612      7.0797       -15.8544     12.3019      3.6085       0.6120    
940      6.8238       7.6661       4.2381       -1.5720      -2.4391      -1.1519      0.5236    
941      -7.6971      -5.5616      4.9520       2.9205       1.5737       -1.8836      0.8690    
942      4.8406       -3.7934      -6.6137      -0.4336      1.6601       2.0852       0.5801    
943      -176.7009    340.8256     55.0138      -287.6672    554.1835     78.8528      0.5832    
944      7.4957       -1.6055      9.0192       -1.6709      7.1384       5.0472       0.1917    
945      3.9768       -4.8678      -2.3212      -1.1493      2.3439       0.5803       0.4657    
946      -0.2539      0.7527       5.4478       0.1422       -0.1898      -1.9401      0.6003    
947      2.1853       -1.9278      -2.9114      -4.1320      -0.0951      8.9097       0.4042    
948      6.9751       1.4943       -6.9004      -2.3430      -0.6509      2.7243       0.5451    
949      6.6341       -3.1418      -1.8457      -0.9165      4.5387       0.3968       0.8731    
950      -7.0520      6.1623       -3.1010      2.5058       -2.3922      1.1071       0.3261    
951      -3.3143      -6.1343      -3.7195      0.5062       2.4459       0.7915       0.7718    
952      6.8511       4.5444       -3.1792      -2.1755      -1.1105      0.5130       0.4111    
953      -4.7545      -13.7917     -1.2193      -11.8400     -8.3584      8.4374       0.3279    
954      0.8946       7.1491       3.2486       -0.2695      12.6443      0.6695       0.7247    
955      -7.8142      -1.7273      -3.3496      10.8945      -3.2370      -2.7528      0.2960    
956      4.2039       4.8715       0.5041       -1.6275      -2.3064      -0.7542      0.8280    
957      -3.4770      1.1388       4.2783       1.3244       -0.5240      -1.2684      0.8362    
958      7.4432       0.9183       2.5217       -2.4693      0.1307       -1.4573      0.7380    
959      5.7748       6.1642       -1.6844      -1.8612      -2.0950      0.1766       0.3621    
960      4.8439       -6.9637      5.9765       -1.2882      3.5080       -1.0349      0.4036    
961      -7.3380      8.2205       5.5562       1.8315       -2.0083      -1.2515      0.4101    
962      -2.5263      1.1996       7.7742       8.9763       -0.3009      -2.9536      0.2540    
963      -6.2067      1.0762       6.2375       4.1078       -1.3324      -2.8288      0.1667    
964      7.9692       -1.3760      -3.7338      -3.9532      1.0733       1.1619       0.1013    
965      -0.6468      5.6145       1.1370       0.6732       -2.3012      -0.5500      0.2438    
966      -6.2528      -3.6408      4.7264       1.3290       1.2715       -2.2391      0.8932    
967      -3.0146      -6.9496      6.3852       0.8708       1.6766       -2.0662      0.3585    
968      4.1629       -0.9414      8.3194       -1.1245      -0.0191      -3.0257      0.5528    
969      -3.1307      4.2056       6.3850       1.0453       -0.8305      -2.3565      0.5955    
970      5.6955       -3.7660      -1.5164      0.4597       -0.3598      -0.5419      0.9655    
971      -2.8294      -7.0174      0.3030       3.1871       2.1408       -1.2797      0.5179    
972      -1.1151      5.0341       4.1865       0.4709       -1.8552      -1.1090      0.7966    
973      -6.8909      -9.9057      6.3230       3.6401       0.1833       0.6154       0.9393    
974      4.6076       0.6344       -3.2912      -3.3323      -4.7999      -2.8052      0.2937    
975      5.4084       -4.7147      -5.1611      -1.7631      2.6775       1.2927       0.1801    
976      -0.1429      6.9215       6.5265       0.5614       -2.6581      -3.5876      0.2435    
977      8.1972       7.5055       -5.9385      -2.3366      -1.3878      1.3559       0.2743    
978      -0.8628      -0.8077      1.7305       1.8073       0.4685       -1.2787      0.9176    
979      5.2213       -8.3660      -2.9880      -0.7996      2.6004       0.8966       0.6705    
980      -7.7331      7.7067       8.3424       1.7810       -0.9522      -1.6044      0.4536    
981      -8.1267      1.1419       8.1189       -3.3910      -0.9784      -1.3443      0.4062    
982      4.3225       -1.0971      -4.8248      -6.1247      1.2738       3.1697       0.7905    
983      -5.0524      -2.9174      -1.0364      1.5661       1.2567       -0.7171      0.4224    
984      -5.7769      0.3026       -1.3210      4.6510       -6.7775      -2.4970      0.5426    
985      7.1394       5.5618       -8.8670      -1.5692      -1.1598      2.2145       0.2796    
986      -7.8131      2.2983       -3.8442      3.1021       -1.1532      1.6953       0.8663    
987      0.0848       -1.6826      7.6198       1.0762       -0.0648      -3.9663      0.2555    
988      -2.0465      8.4713       1.9263       0.4939       -1.0886      -0.2715      0.2892    
989      1.0190       2.2387       -7.6458      -0.7195      -0.1313      3.1775       0.6743    
990      -3.2056      -6.6988      -1.3036      0.8530       2.8338       0.3025       0.3855    
991      -24.0113     -32.4418     -65.6038     -47.7086     -52.4155     -99.4088     0.1423    
992      2.6723       7.4922       -6.1496      4.1771       5.9268       2.5490       0.7775    
993      -0.5380      -0.9286      -8.3083      -0.0855      0.2910       3.1245       0.7096    
994      3.4604       7.2463       0.7070       -1.3467      -4.0330      0.1609       0.3683    
995      -6.6091      6.0625       -2.7464      1.5987       -1.6711      0.0674       0.6415    
996      -7.3514      -1.2693      0.8607       2.9601       0.9181       -0.2062      0.7941    
997      -68.5660     33.5716      -34.7919     -66.6789     44.7111      -39.9615     0.3729    
998      -1.4374      -0.1679      -5.8861      0.0594       0.6870       2.0231       0.3160    
999      -7.1535      7.7344       1.6850       2.4726       -1.7248      0.3633       0.6594    
================================================================================
