================================================================================
N-BODY SIMULATION RESULTS
Simulation Type: CUDA
Date: 2025-12-27 01:50:04
================================================================================

PERFORMANCE METRICS
--------------------------------------------------------------------------------
Number of bodies: 1000
Number of steps: 100
Total execution time: 0.3490 seconds
Average time per step: 0.0034 seconds
Min time per step: 0.0020 seconds
Max time per step: 0.0050 seconds
Throughput: 286532.95 body-steps/second

================================================================================

BODY INFORMATION
--------------------------------------------------------------------------------
Index    X            Y            Z            VX           VY           VZ           Mass      
--------------------------------------------------------------------------------
0        -8.6137      -8.5231      1.0267       2.4388       2.5239       0.2768       0.3202    
1        -4.4181      -0.5467      -7.4153      2.1164       -0.8728      3.1263       0.2950    
2        -7.0843      3.4901       2.7214       3.2966       -1.4329      -0.4890      0.3446    
3        2.9827       9.8279       5.6041       -12.0226     7.5397       0.9936       0.2673    
4        -8.6403      -12.6694     9.6797       -2.3951      -13.1161     4.1166       0.3172    
5        7.7151       -2.8124      7.3839       -2.6393      0.1634       -2.2420      0.9219    
6        6.4286       -0.3910      -6.0629      0.3927       -1.0447      3.8182       0.7574    
7        -0.9975      -5.3945      2.2671       -0.0540      1.4138       -1.1164      0.9158    
8        4.4959       -0.0874      -2.6908      -1.3249      -0.4326      -0.0751      0.7740    
9        8.3110       -4.0212      -7.5132      -2.6200      0.9301       2.1155       0.1301    
10       0.8644       7.6184       0.0194       1.6710       -2.9784      -0.8230      0.8171    
11       -0.0916      -3.3873      -7.7014      -3.6926      5.3762       3.9281       0.2501    
12       4.2067       7.7001       5.9226       -1.4580      -2.2843      -2.4889      0.1232    
13       5.7216       0.1553       -7.7148      -1.0119      -0.4870      3.4120       0.8462    
14       21.5007      -19.4293     -5.6703      16.1248      -14.8369     -17.8476     0.6015    
15       1.6298       -4.4276      0.1765       1.0347       8.2149       -0.6760      0.7756    
16       -8.2082      7.7690       6.9414       1.7685       -1.5374      -1.6245      0.1862    
17       3.3776       5.5020       0.8163       -1.2030      -1.7979      -0.7186      0.2070    
18       -6.2826      4.5774       -1.6680      2.6264       -1.1523      0.4141       0.2471    
19       4.6383       2.9877       3.6165       -1.9859      -1.2098      -0.7194      0.9682    
20       0.3084       -5.1947      -7.6755      -0.0404      1.5360       3.9234       0.7335    
21       -5.5369      4.2565       7.8313       1.8023       -0.5903      -2.7494      0.2997    
22       -7.5389      -0.9326      -7.8282      3.0339       0.3432       4.1233       0.6313    
23       -3.2147      -7.5930      2.9170       1.5254       2.6955       -2.7000      0.2137    
24       -4.5455      8.1279       -2.5820      2.1734       2.3919       1.3398       0.8537    
25       6.8400       -7.7182      -6.7820      -1.9476      2.0819       0.8241       0.4876    
26       1.7416       4.4046       -7.1522      -0.6975      -1.1650      2.8089       0.2744    
27       -1.9183      11.9625      -3.4687      9.6408       5.9129       -0.7522      0.1134    
28       -10.4349     -0.6534      9.8608       -4.3323      11.3843      7.1326       0.4650    
29       -0.6367      -8.5919      2.8887       -12.0079     -19.0833     6.3899       0.5450    
30       -6.6984      -5.0924      -0.2291      2.3229       1.2970       -0.1010      0.9184    
31       -1.7061      2.9979       7.3198       0.8246       -1.5454      -4.3656      0.1041    
32       -6.3261      2.3877       3.0341       3.3928       -0.8367      -2.8385      0.2525    
33       -4.4061      -8.0363      -0.7563      0.4778       3.6515       0.7958       0.1728    
34       7.5427       -3.9619      8.5977       -1.9587      0.3608       -2.7483      0.4949    
35       1.7771       -3.8110      -3.5060      -1.1378      0.9740       1.2687       0.1874    
36       1.0467       2.9767       -0.7433      -0.8153      -1.3039      0.9585       0.5680    
37       -6.0873      8.1890       -0.7713      2.1442       -3.4150      -0.5530      0.7170    
38       -0.2216      -4.0638      -4.7214      -0.4603      0.6923       1.3574       0.3391    
39       0.9197       2.1675       -2.2672      -3.4793      0.0297       1.8201       0.6168    
40       0.3525       3.2638       4.5525       -0.8315      -0.6081      -0.7394      0.2737    
41       7.7245       -7.8872      -8.4181      -2.1882      1.4476       1.7369       0.9608    
42       14.1864      -4.4289      -12.2089     25.0341      -20.2582     -19.7112     0.8611    
43       5.8265       3.8015       -1.6057      0.9609       0.0772       1.6063       0.5389    
44       4.0534       2.2301       -4.9536      6.8592       -9.0484      1.3573       0.5675    
45       8.0633       5.5274       -2.2295      -3.5684      -0.5015      -0.5614      0.9138    
46       -6.9185      -3.0694      -6.7852      1.2576       0.7647       1.6340       0.8321    
47       -0.3944      -1.8033      -1.6483      -0.5371      0.3412       1.0487       0.7355    
48       6.3447       6.7754       -8.5120      -1.5221      -0.5103      2.6967       0.3710    
49       -2.9716      2.3775       6.6005       4.2220       6.4271       -6.1953      0.9688    
50       1.0097       3.9337       0.4103       -1.6481      -2.7333      -1.0183      0.5964    
51       -6.3681      -7.1530      4.8336       6.3870       -5.3291      -5.9498      0.7633    
52       5.3272       -7.3188      -5.8671      -1.6809      1.5565       0.7044       0.9175    
53       0.5701       -7.5367      6.3502       0.0720       2.5039       -1.4723      0.4491    
54       -5.5039      0.4472       -1.9671      4.9534       3.2649       0.2422       0.9681    
55       -5.1243      -5.6884      -8.7347      -0.1738      1.4068       2.9800       0.1389    
56       5.2415       -5.1784      5.7707       -0.6605      1.1823       -2.4716      0.7218    
57       -7.3874      -0.7904      7.4964       -9.5148      14.3063      -1.1481      0.9171    
58       5.8799       -15.9360     5.8783       7.4376       -7.5645      10.2790      0.8208    
59       -1.0270      -5.1142      -3.0476      0.8421       2.0970       1.3789       0.1647    
60       -0.3743      6.7891       3.3698       2.3997       7.3383       -8.6046      0.3681    
61       3.1094       7.5168       -6.5414      -0.1660      -2.2392      2.4683       0.2674    
62       4.6482       -3.0390      -3.6916      -1.2486      1.2584       0.2483       0.4323    
63       -9.0614      4.1694       -8.1811      -1.9247      6.1092       -0.1398      0.7439    
64       -6.6745      -1.0969      -1.7809      1.3201       -1.5361      0.7497       0.9998    
65       -8.1978      6.4320       -7.0771      1.4546       -1.8556      1.5533       0.9753    
66       -3.6018      3.1870       -7.4826      1.9293       -1.4040      2.4495       0.9899    
67       3.8654       -2.0206      4.1929       -0.9490      0.5418       -1.6504      0.4806    
68       1.0992       -0.3376      6.7989       -0.0659      -0.8443      -1.8160      0.6445    
69       -0.0577      -0.2108      -0.2623      0.7528       -0.3914      -0.5319      0.5222    
70       3.1533       7.0000       2.6929       -0.7567      -2.7182      -0.7065      0.1196    
71       5.3161       -4.4557      2.8536       -1.5985      0.8127       -0.7764      0.7117    
72       8.2618       -8.6113      -3.2698      -2.0429      2.5899       0.7879       0.1608    
73       4.6161       4.9032       2.6891       -1.5103      -1.6939      -0.6448      0.8717    
74       -5.2990      3.3412       -0.0164      2.2235       -1.8803      -0.3449      0.8458    
75       5.9446       5.3961       7.0052       -1.7855      -1.6196      -1.8673      0.1689    
76       -7.8943      -4.2263      4.7197       3.0914       1.6925       -1.2139      0.4389    
77       -3.0150      5.3302       3.7598       0.6387       -2.3352      -1.2850      0.5156    
78       7.5748       8.0641       3.8320       -1.5210      -3.0808      0.7328       0.5417    
79       -5.3520      2.9765       0.0519       2.3863       0.3829       -0.7940      0.7157    
80       0.0428       1.2928       5.7671       0.2853       -0.2686      -2.1710      0.8410    
81       4.5569       -8.6399      2.5424       -1.2005      2.7970       -0.0354      0.5643    
82       -1.7987      -0.7676      4.3162       0.1490       0.3418       -1.8610      0.6809    
83       -7.6648      -5.1258      -2.1069      3.4290       2.4715       2.9244       0.9577    
84       9.0294       -8.0249      0.8097       11.8221      -2.5846      9.8412       0.3149    
85       -0.9303      6.7551       3.7755       0.3362       -2.7190      -1.1879      0.1013    
86       -5.4386      8.4618       7.7028       0.3413       -4.2041      -2.7814      0.3472    
87       -0.5072      3.4736       4.5776       -0.2516      -1.8800      -1.5366      0.8727    
88       -0.7742      1.8072       3.8163       0.0093       -1.0205      -0.7918      0.3667    
89       -6.7908      4.4413       4.4001       2.4408       -1.5878      -2.2074      0.5752    
90       6.5877       -4.8685      5.0078       -1.8283      -1.1793      0.1764       0.8143    
91       0.8878       5.4139       -3.1214      0.7951       -0.0031      0.7789       0.5572    
92       -5.2229      -7.1376      4.6104       0.9869       2.8704       -0.8353      0.5241    
93       -5.0951      6.3099       -5.7686      1.5541       -1.8767      2.1193       0.7500    
94       3.1056       6.5178       -1.4988      -3.3130      -2.1437      0.2258       0.3537    
95       6.4974       -4.8327      4.8292       -1.8375      2.4018       -3.2644      0.9364    
96       -0.1691      -3.4279      -10.5395     3.0558       4.2978       -15.5436     0.7782    
97       -3.6471      3.6071       4.7720       1.1034       -1.0713      -1.9383      0.1868    
98       7.2712       4.9576       -1.1670      12.9662      10.6300      -2.8335      0.2800    
99       -7.7855      -4.6157      6.7253       3.1269       1.6135       -1.6326      0.3345    
100      -0.4458      8.1639       5.4707       -0.4005      -2.9052      -1.7177      0.7354    
101      -7.4809      -4.0470      1.4882       1.7868       1.3040       -0.2803      0.8770    
102      -4.1924      -1.9316      -4.2306      -1.5415      4.9823       -6.5369      0.4933    
103      2.6094       -0.3612      -7.9118      -0.4073      0.4503       3.4135       0.1526    
104      -5.1662      0.1053       6.1631       -0.6207      -0.3937      0.7781       0.9651    
105      -1.7662      -3.2954      -4.2850      -0.0910      4.6985       0.2305       0.7010    
106      -7.6828      -7.5011      -1.9422      2.1145       2.4933       0.3163       0.1284    
107      1.9319       0.7785       -7.1958      -0.5211      -0.1512      3.2333       0.9504    
108      -5.1673      -0.2046      -1.5548      1.4118       0.2717       0.1749       0.7772    
109      -4.0906      -3.9188      -4.8610      5.4152       -5.9689      4.7617       0.7323    
110      -3.2670      -1.6992      -0.4205      0.5464       0.5873       1.2375       0.4694    
111      6.4186       2.6898       8.3127       -1.7492      -1.1083      -2.8934      0.3785    
112      6.6121       -5.0041      5.1537       -0.9257      2.3369       -0.9280      0.6141    
113      -4.7756      2.9429       -0.0086      4.6642       -16.3234     9.8815       0.2605    
114      -7.0648      7.6393       -3.8099      2.7298       -2.8839      1.2616       0.5399    
115      -2.8692      -1.7281      -3.2079      0.6610       0.6950       1.7917       0.3594    
116      8.0105       -3.8315      4.5049       -3.6670      0.4313       -0.7528      0.5911    
117      -7.1643      -3.1979      3.2982       1.7419       -2.9359      -10.1760     0.6536    
118      0.0369       0.6402       7.1121       0.3735       -0.5216      -3.6141      0.5272    
119      -7.5959      2.6366       -2.8915      4.6373       -1.7782      -1.6279      0.7627    
120      0.8739       -7.7364      3.8764       -0.0834      3.1900       -3.1795      0.6698    
121      7.4081       -4.1623      0.4930       -2.5614      0.7513       -0.2923      0.9330    
122      0.2644       3.1524       -3.7177      -0.8614      -0.7836      1.3534       0.7512    
123      1.9185       -5.3922      4.2920       -0.5682      1.8854       -1.4457      0.4717    
124      6.8239       7.3867       -5.2384      -1.5137      -1.9657      1.1160       0.2991    
125      -3.5517      0.6581       4.6306       -2.3530      -5.6242      -3.4182      0.7813    
126      5.4589       -2.3571      -4.5327      -1.6226      1.5731       0.2989       0.5357    
127      6.5655       6.9036       3.2875       -1.9441      -1.2017      -0.6859      0.1890    
128      -2.3786      -2.5593      6.8163       0.0160       1.3205       -4.0439      0.3076    
129      -3.0484      -4.5306      -6.0037      0.8320       1.6742       2.3040       0.1572    
130      4.7727       6.6919       -1.3189      -1.0631      -5.7273      8.1620       0.8935    
131      6.8659       -0.4032      -5.9220      -4.3711      -2.5682      1.5737       0.8774    
132      -2.4737      6.4336       2.9415       0.3700       -2.1796      -1.3651      0.3827    
133      -4.5120      -5.0525      4.0466       2.7805       2.0451       -0.0965      0.4364    
134      -2.6899      -1.0047      -6.2215      -6.8036      -0.5478      0.5916       0.9826    
135      -2.2275      -7.4917      7.8135       0.4538       1.7607       -2.7852      0.2823    
136      4.9526       -6.4278      -8.4628      -1.1210      1.2663       2.3872       0.3194    
137      1.5541       -4.7405      -5.7572      -1.7147      1.6611       1.9446       0.7527    
138      3.9593       1.4010       -2.2386      -1.0487      -0.8626      0.2653       0.3444    
139      -1.7556      4.5277       -7.0071      0.0359       -1.1534      3.2795       0.3343    
140      -4.8614      2.9799       6.4920       1.5768       -0.6647      -2.8038      0.1749    
141      8.8668       -2.5974      -16.2165     3.9877       2.6158       -9.5146      0.7605    
142      6.6124       -7.2185      5.2318       -2.2216      2.5611       -1.6594      0.4822    
143      4.5552       1.7457       -7.9909      -1.1852      -0.7216      3.0240       0.8768    
144      5.3693       5.6121       -1.6047      -1.5682      -1.6863      0.6744       0.3116    
145      -6.2549      -7.7143      1.0624       1.6878       2.7936       -0.0564      0.7903    
146      5.5118       -5.5890      -1.3977      -4.9943      4.7806       1.4419       0.6909    
147      -7.7699      0.7793       -1.8933      4.2582       -0.1669      0.9245       0.6170    
148      6.4381       -5.7470      7.4107       -1.1071      1.8831       -2.6900      0.9644    
149      7.7911       -6.2562      4.0413       2.2591       -3.0106      -15.0377     0.7190    
150      -3.2117      4.0355       -3.7222      1.2663       -1.4355      0.4863       0.5948    
151      1.0742       -0.5688      1.9256       -0.8892      -0.1804      -0.6557      0.5467    
152      -3.0553      -2.0073      -6.5160      0.9527       0.7556       2.2839       0.5155    
153      -3.1477      -8.3950      7.3215       0.7634       2.4969       -1.7962      0.2271    
154      -6.6708      -5.8652      -7.3285      1.5778       1.9999       1.9052       0.7059    
155      -6.3953      2.5508       2.9794       1.2516       -2.6383      0.6305       0.1292    
156      -0.1804      5.5301       6.2371       -0.2275      -2.4475      -3.6784      0.2122    
157      -4.3899      -4.9851      4.1048       0.0575       1.5602       -2.5377      0.8657    
158      -7.4235      -5.4695      -6.9659      2.5276       0.8774       1.6080       0.8593    
159      -2.3446      1.7637       -0.3750      4.9903       -8.0644      -3.4436      0.4001    
160      -1.0278      -3.2566      -5.4882      1.6373       -4.2782      7.7201       0.1105    
161      -5.6490      -5.6912      4.3398       1.8051       1.9100       -1.5990      0.9023    
162      0.5237       0.0479       6.3632       1.1108       0.4265       -1.6479      0.4370    
163      -7.6706      7.1067       -0.7496      2.8826       -3.0718      -0.9350      0.6783    
164      4.8181       -3.2598      10.0358      0.5305       -1.9387      12.4860      0.2812    
165      -2.5103      4.6380       -3.3260      0.8251       -1.9168      1.1357       0.4710    
166      -5.9180      3.0447       -7.5260      1.5138       -0.7286      2.7129       0.2383    
167      -4.1836      -7.3661      -4.7959      0.6710       2.9454       1.3387       0.3342    
168      4.4698       3.7950       -2.1904      -0.6961      -0.9879      0.7346       0.1597    
169      1.1078       2.7397       -0.2981      -0.5202      -0.0772      -0.8270      0.7962    
170      2.7297       -0.4106      2.6097       -0.3750      0.2011       5.6105       0.9073    
171      7.8276       -7.7085      4.8959       -0.9943      2.0438       0.9259       0.4123    
172      6.2131       -4.9292      4.1079       -1.5997      2.7847       0.3756       0.1778    
173      7.8192       -7.0777      -3.0239      -2.4348      1.7487       1.1809       0.6122    
174      -4.6497      2.0018       2.0442       1.3533       -0.1568      -0.8260      0.4753    
175      8.1017       7.9218       -8.2995      -1.7528      -1.5474      1.6323       0.3541    
176      -3.3250      -3.4399      4.0341       0.5741       0.7450       -1.7950      0.3578    
177      -7.3952      -7.3829      7.2133       2.2556       2.6130       -2.8819      0.5521    
178      -7.9917      -1.9310      -3.2152      3.5625       0.5203       0.8349       0.3293    
179      -0.4993      -7.4100      -8.6417      0.1005       1.8606       2.4134       0.8198    
180      4.5258       -3.3803      -4.5624      -1.1165      1.9434       1.5934       0.9064    
181      1.5287       2.0158       -4.5628      6.3570       0.1588       7.6836       0.6258    
182      -3.4330      -2.9946      -1.6960      0.3219       0.9299       0.6982       0.5646    
183      6.7937       4.4747       -4.2906      -2.3951      -1.9485      2.1411       0.6537    
184      -6.6232      -1.3157      -6.1564      2.1733       0.2098       1.3109       0.3915    
185      -12.2945     -1.0882      -2.4663      -39.3412     5.2476       -10.3499     0.6600    
186      -7.7660      -5.7742      -3.4850      2.8544       -1.7483      -6.1993      0.3312    
187      -7.8574      -4.0273      1.8815       3.9277       1.8386       -0.2943      0.7919    
188      0.6426       7.9846       -5.0807      -1.1525      -3.2799      1.1831       0.1358    
189      11.5344      -3.1814      -11.2607     1.8833       -4.7134      -2.4812      0.5229    
190      6.1264       -5.6404      1.2711       -1.8585      1.9495       -0.1585      0.3339    
191      -6.9341      0.8082       -1.2235      2.2698       1.5917       1.8857       0.4585    
192      8.3993       4.9332       -3.5426      -2.6454      -3.4752      -4.3414      0.5130    
193      0.5428       -5.1915      -6.3203      4.4439       -8.7509      6.6496       0.1031    
194      8.1937       -6.4661      -3.9111      -2.6161      1.5940       1.2985       0.5951    
195      1.5901       4.0137       3.7387       -0.8442      -1.3101      0.1726       0.2466    
196      0.7762       -7.6107      2.8022       -1.4405      2.0657       0.0658       0.4791    
197      -8.1347      8.0549       -6.3069      1.9665       -2.0700      1.3218       0.3673    
198      3.7900       -4.3754      3.3699       -0.7433      1.9592       -0.1245      0.5392    
199      -0.4962      3.5130       4.6292       2.5036       5.4443       2.9215       0.1322    
200      -0.0966      7.5113       -2.9844      -0.6013      -3.8880      0.6647       0.4253    
201      -3.7764      -2.9168      -2.3248      1.9464       0.9698       1.5460       0.9667    
202      -5.3704      0.8764       -3.1000      2.2247       -0.5012      2.6011       0.8089    
203      -4.6888      7.5261       4.1067       -4.5492      -2.1219      2.5553       0.7165    
204      -1.5956      6.7108       -6.0432      0.1087       -2.2157      2.6909       0.7849    
205      -2.7327      -1.3493      -3.1711      0.3602       -0.4935      1.4927       0.2151    
206      -1.5973      5.1518       -2.6306      2.1206       -0.8241      2.2206       0.3720    
207      -1.1348      -1.9139      1.1469       -0.0754      0.9845       -1.1797      0.2447    
208      -2.6760      0.4121       -7.9550      0.4713       -0.8781      3.8978       0.9800    
209      7.5114       4.5371       6.9856       -2.2142      -2.2215      -1.6270      0.1099    
210      -4.5802      7.5229       -0.8227      1.2161       -3.3445      -0.5445      0.9291    
211      0.6167       -4.3864      -4.5255      0.2439       3.5741       1.7830       0.1976    
212      -7.5970      -1.0725      -8.1793      3.4359       0.9773       4.2767       0.1418    
213      -7.8161      -4.5524      2.8793       2.4839       1.4707       -1.9551      0.6182    
214      -0.4047      -4.0765      -5.6154      0.8889       0.1400       2.9990       0.4795    
215      3.4851       -0.1907      -6.3848      3.1032       0.3389       0.1017       0.3027    
216      -3.8543      5.9684       0.7580       1.3429       -2.7521      -1.0127      0.5884    
217      7.5542       3.7946       7.9000       -1.9014      -1.8312      2.8019       0.2996    
218      0.2164       -7.5352      -2.5230      -0.5338      3.4364       0.8522       0.6577    
219      1.5632       4.3300       -8.4094      -0.4118      -1.1677      3.0270       0.2621    
220      -6.4573      5.7665       -2.9450      0.9128       -3.2680      0.8922       0.1955    
221      6.5646       -0.7628      -5.1605      -9.9142      -3.1422      10.0490      0.9886    
222      -2.7845      -10.6549     10.4562      -14.2447     -4.4762      6.1497       0.6969    
223      -4.0429      7.8614       -2.3827      0.8659       -3.8789      1.2137       0.7436    
224      0.6854       6.5769       -8.0228      -0.4423      -1.5035      2.6621       0.7439    
225      1.5189       0.7651       -3.7924      -1.0158      8.4123       -9.8859      0.3066    
226      -1.2376      6.3969       -3.3067      0.3434       -2.7238      1.3353       0.8307    
227      -7.5103      -7.2729      -7.3603      1.3779       2.1202       0.6638       0.2327    
228      -1.2315      -15.0496     1.4162       -3.1959      -8.3043      1.3297       0.3777    
229      -7.2723      -4.6423      -0.4218      3.7443       0.8850       0.5919       0.3270    
230      -3.1819      3.6893       -3.9254      2.7701       0.3011       4.9223       0.5921    
231      -7.0001      0.8800       -1.2004      3.6584       -1.7986      -0.9323      0.9910    
232      -0.8124      1.2436       3.8646       0.0868       0.4244       -1.2929      0.8582    
233      -3.5271      -4.2123      3.2057       0.4790       1.2997       -1.4185      0.8650    
234      -1.9795      -1.3259      3.5831       -1.0249      2.3621       -0.1081      0.4188    
235      -7.0986      0.5671       6.8652       2.8614       0.4203       -2.9643      0.9197    
236      3.6074       10.6221      -11.6911     -2.5336      2.7410       -12.7060     0.4480    
237      6.8603       -3.0682      3.2020       -2.3268      0.5962       0.3223       0.3126    
238      2.7461       0.4438       6.1365       -0.9134      -0.3721      -2.3858      0.1238    
239      -6.2209      6.8664       -3.5456      1.0478       -4.8699      -0.9964      0.7732    
240      7.2013       -5.0446      1.8769       -2.5429      0.1363       -6.8165      0.4088    
241      -2.7232      7.6962       3.3329       0.4202       -3.5897      -1.6992      0.3935    
242      -4.6970      1.7069       -5.3085      1.1942       -0.3898      2.4742       0.8418    
243      1.0278       -7.4569      3.1688       0.8802       3.4260       -1.6172      0.8209    
244      0.5850       5.3070       -2.4616      -0.1751      -2.1362      0.0867       0.4484    
245      6.1610       -1.2034      6.4886       -1.8223      -0.7576      -2.6660      0.8559    
246      11.6839      13.4408      -7.2631      4.4453       17.0431      4.2285       0.4105    
247      -6.4016      4.7053       1.1429       2.3563       -1.9485      -0.7130      0.2038    
248      -5.6468      -3.6546      -3.6294      1.8265       1.1419       1.7560       0.3000    
249      -2.4576      0.2462       -0.1555      0.2792       -0.6304      -0.5323      0.2794    
250      -0.3128      -0.7189      -4.1694      -0.0855      0.3066       1.4820       0.4943    
251      0.8896       3.7763       5.7187       -0.4036      -1.9323      -2.3798      0.9830    
252      6.0755       -2.2312      -5.4994      -2.6835      -0.8226      1.3078       0.7697    
253      -6.5239      -2.2119      -10.1908     -4.5242      2.9682       -1.0033      0.7139    
254      5.3260       -8.6390      1.5575       -1.5500      2.5913       0.1074       0.1136    
255      4.9088       -3.0194      4.0047       -1.5555      0.7670       -0.9679      0.4256    
256      2.6871       3.7118       6.1414       -1.1651      -0.8371      -2.2026      0.7354    
257      -1.0313      -5.3957      -2.1993      -0.9849      0.9185       0.7851       0.8252    
258      6.7404       -3.2037      5.9120       -2.4262      0.1733       -1.9567      0.1844    
259      -0.2367      6.3023       4.8638       0.1579       -3.0142      -1.4525      0.5272    
260      4.2806       1.5564       4.0461       -1.0788      -0.7243      -0.7500      0.5313    
261      -4.0419      3.7858       6.0816       1.3129       -0.7699      -2.7274      0.4678    
262      -2.4111      2.9754       -0.2323      0.5123       -1.6678      -0.2224      0.9322    
263      -8.1477      0.2955       2.6030       3.6806       -0.1669      -0.7223      0.3159    
264      8.6706       -8.5540      2.6038       -2.0225      2.1073       -0.1528      0.1040    
265      8.0835       -2.4042      -1.7648      -3.0615      0.4402       -0.6755      0.4573    
266      -7.2683      -7.4009      -8.7739      0.5214       1.9421       2.2194       0.5851    
267      -6.7146      5.4989       -3.1769      1.8799       -1.5346      1.1720       0.8355    
268      -5.3496      -6.6781      6.7715       0.7907       1.8741       -2.0647      0.5725    
269      2.2417       -2.6751      -0.2762      -1.8552      1.6941       0.6983       0.6636    
270      0.5530       7.4743       3.5087       -0.9443      -2.5855      -1.7445      0.6101    
271      7.5510       8.2992       -5.3762      -2.0994      -2.2373      0.9289       0.9551    
272      -10.4974     -2.7657      2.0123       -2.3818      11.3495      0.9979       0.2780    
273      2.7280       -0.4293      2.5316       -1.9914      -1.0706      -6.8999      0.8979    
274      -1.3093      4.4044       5.5929       -0.4171      -1.6880      1.4699       0.6977    
275      7.8919       -3.0985      4.6738       -3.5229      -0.1757      -1.5747      0.4007    
276      2.1038       -7.5567      -4.2211      -1.0853      3.0024       1.1656       0.2571    
277      16.8341      -1.0450      -0.9547      17.1551      10.9023      -12.0538     0.5143    
278      -3.8333      5.8973       -8.2029      0.7312       -1.7662      3.0005       0.4566    
279      7.5501       -5.0098      4.1743       -3.8956      1.9378       -0.2014      0.7576    
280      -4.6087      -4.3565      0.1899       1.2822       2.0570       -1.3251      0.3232    
281      6.2463       -4.9243      4.7633       0.6824       0.1063       2.4338       0.2986    
282      3.8497       6.0959       -2.0800      0.3402       -10.4374     1.3916       0.9281    
283      -7.1190      1.3820       3.7084       3.7362       -0.7131      -2.4179      0.1384    
284      6.7885       7.8133       1.7076       -1.4477      -2.2493      -0.0290      0.6902    
285      -4.5799      4.8619       -8.0542      1.2334       -1.3458      2.8316       0.7655    
286      -7.6160      -7.7078      -7.7638      1.3712       2.5446       1.1693       0.3778    
287      -1.8949      8.1937       7.9946       9.2264       -6.3345      4.8794       0.1651    
288      6.1705       -0.6615      -2.3835      -2.1869      -0.0462      -0.4907      0.2226    
289      4.2927       3.0745       4.9573       -2.1952      -1.1726      -1.7774      0.4370    
290      -3.0177      5.5590       3.9744       9.8491       2.5299       -6.5950      0.8755    
291      -6.5082      5.6705       -2.8400      2.1653       -1.9049      -0.9515      0.2616    
292      4.8002       1.4798       0.8685       -1.8527      -0.4295      -0.2642      0.8474    
293      3.9326       7.0189       -2.0759      -1.8807      -2.6807      0.9127       0.8229    
294      1.3293       -7.4947      3.2813       2.3385       2.9214       -1.8066      0.3224    
295      -6.1482      2.7610       2.9509       2.1079       -1.8604      0.9208       0.6026    
296      0.1678       5.2995       -1.4554      -0.2186      -2.5882      -0.2916      0.2110    
297      -5.7723      4.3623       -1.8243      1.4380       1.8510       2.1717       0.9758    
298      -7.8395      -0.3433      0.8277       3.4734       0.0897       -0.6011      0.8338    
299      4.5139       1.0389       -2.7407      -1.7281      -1.0840      0.7666       0.4178    
300      3.9922       -2.5228      3.3706       -1.1639      1.6254       -0.7121      0.1165    
301      6.2545       -0.7912      -5.1291      -0.6695      -1.4789      -1.0963      0.9428    
302      6.9234       -4.8265      6.6934       -2.3425      -0.1343      -2.3625      0.9388    
303      -0.9378      7.9066       -5.3566      0.1052       -3.4872      1.9359       0.3963    
304      4.6898       1.1520       4.2768       -1.8546      -0.4826      -1.2522      0.2241    
305      5.6193       -5.0505      6.4150       -0.7942      0.9218       -2.9817      0.5843    
306      -7.0828      1.0649       6.7308       1.2344       -1.5908      0.5067       0.7046    
307      -7.8153      2.5630       -0.4048      3.3487       -0.7237      -0.6284      0.3889    
308      -4.7064      -5.6529      -2.3186      1.2358       2.5693       0.6294       0.9520    
309      7.4826       -0.6525      -3.3821      -3.9838      -0.6424      -0.1402      0.4845    
310      -4.1224      -7.1638      2.2914       1.8948       2.2444       -1.0522      0.7451    
311      -1.8720      0.1081       -7.9564      -0.6864      -0.2238      3.2876       0.2552    
312      7.1870       -7.4974      6.1356       -2.2596      2.4753       -1.8759      0.3583    
313      6.7159       -2.4608      7.4375       -5.7202      -1.0228      10.9120      0.4220    
314      6.2163       3.7724       7.1418       5.2125       0.1389       -6.2342      0.8240    
315      1.6689       -0.8308      8.1794       -1.2080      0.1677       -3.7635      0.4526    
316      6.0646       -4.8656      7.9427       -0.6300      0.5643       -3.2194      0.8418    
317      -5.4884      -2.8548      3.4554       1.2703       0.8903       -1.1730      0.3259    
318      -0.8591      4.0777       -2.5486      9.0179       3.2832       6.4206       0.6112    
319      0.0108       1.9968       0.5590       -2.6781      -1.3108      1.0640       0.3136    
320      3.8621       -5.2254      -2.8611      -1.2464      2.6156       0.6320       0.5440    
321      4.0957       3.3393       7.2652       -1.0389      -0.7106      -0.3323      0.9858    
322      8.2131       -5.9415      -7.3714      -2.9157      0.8090       2.8120       0.2011    
323      5.1272       -1.7952      -5.1054      0.2433       0.6228       1.6419       0.5079    
324      4.3671       -6.2653      -7.4221      -7.5713      -2.9094      0.6495       0.5866    
325      3.9840       7.2080       -1.4311      -1.2450      -3.6659      -1.5359      0.4410    
326      1.9458       6.8466       0.6388       -1.1804      -2.3257      -1.2565      0.2542    
327      -3.8092      -0.7962      7.4805       1.4771       0.6010       -5.1735      0.4377    
328      0.1435       -2.6207      4.5830       -0.1420      1.0186       -1.7913      0.3311    
329      0.0614       -6.6266      -6.3417      0.3002       3.0735       1.7655       0.4181    
330      1.6797       -4.6443      4.6404       2.7225       7.7316       2.1230       0.2690    
331      5.0982       -2.5047      -6.2363      -0.7681      1.2373       2.7799       0.6615    
332      -1.1870      -7.0845      -11.9529     -7.4663      2.7421       -3.0047      0.9915    
333      6.6302       -0.3525      6.6002       -1.2395      0.2962       -2.2651      0.7402    
334      6.0757       7.1551       7.7171       -1.2935      -1.6856      -2.1954      0.2456    
335      -2.3796      6.9152       -0.9562      11.4227      13.0151      -3.2275      0.1937    
336      -10.3671     -8.7689      1.4041       -4.3133      -3.1815      0.5215       0.5873    
337      -1.8989      -7.4537      -1.0454      -0.0717      3.4807       0.2892       0.5790    
338      -6.0581      4.2182       3.5198       2.0619       -1.8757      -0.7955      0.6488    
339      -6.4770      -2.9056      0.2623       2.2426       0.4346       0.1295       0.5778    
340      5.1589       0.5440       -5.6519      -1.1707      -1.3458      1.9743       0.5703    
341      2.3364       -1.3725      -0.2229      -1.7343      0.0823       0.1775       0.6729    
342      7.3575       -8.5113      7.9437       -1.5651      1.9448       -1.7224      0.5313    
343      3.9437       4.3928       -6.9090      -0.9593      -1.2933      2.3538       0.2784    
344      2.9380       -6.7999      -8.4533      -0.9465      0.3451       2.3284       0.8083    
345      -4.1522      -0.8766      -0.8521      -0.6510      3.0184       1.4323       0.1802    
346      5.1401       -0.7570      -1.0980      -2.1733      0.2053       -0.7259      0.4254    
347      -5.7413      -3.9390      0.9178       1.7554       1.2000       -0.7057      0.2908    
348      6.8683       -1.3310      3.4563       -2.7431      -0.1797      -0.0074      0.5626    
349      -4.9462      5.7626       -4.4503      1.5678       -1.4512      1.9652       0.2930    
350      2.4451       -8.3107      -8.7598      -0.0490      2.4811       2.0586       0.8636    
351      -6.9700      -3.2378      -3.2461      3.0277       0.9257       0.5750       0.9129    
352      5.9255       3.8417       3.4910       -2.3945      -1.6308      -1.1728      0.1409    
353      -2.8697      -6.6222      3.2667       0.5494       2.1491       -1.3896      0.1808    
354      0.9789       -14.0753     -0.0986      -1.1352      -8.4395      -5.1078      0.4363    
355      -0.0894      6.9590       -5.4679      -2.1820      -0.4208      -0.5391      0.6788    
356      3.5260       -5.8467      -3.7448      -0.9964      2.6142       1.3276       0.1627    
357      0.8782       -0.0141      7.3980       -0.5448      0.6180       -2.8907      0.9866    
358      7.6581       -4.7855      -0.2512      -2.8270      1.5887       0.0129       0.4469    
359      -6.9353      0.7106       -2.8681      1.1864       0.6291       2.9720       0.7984    
360      -0.5866      5.5558       1.5068       -0.0336      -2.2304      -0.8277      0.3189    
361      -5.9200      4.8270       -1.5186      1.7651       -1.7749      -0.3829      0.7474    
362      6.1003       8.0707       2.9004       -0.5919      -2.0482      -0.1972      0.2731    
363      -4.0628      -0.8949      -0.8086      0.6133       -0.8581      0.4089       0.9018    
364      -6.3144      -5.7035      -6.0683      1.5376       1.7789       1.2192       0.8620    
365      -2.6292      -4.1482      4.9596       4.2649       -2.4936      -0.6434      0.4617    
366      4.4865       -1.8764      7.1652       -1.2823      0.0857       -3.0320      0.3945    
367      -5.1976      4.1392       -2.9253      1.4794       -1.1697      1.5131       0.2344    
368      0.4853       -0.7554      1.4094       0.1626       0.3424       -1.1037      0.6105    
369      4.1334       7.0166       -3.8331      -0.8649      -1.6613      1.8149       0.5744    
370      -1.2125      4.3841       5.3952       1.6829       -1.8942      -5.6271      0.7947    
371      -10.6183     -0.8587      -9.0633      -2.6572      -2.9203      -1.4307      0.9003    
372      -4.1817      -7.5545      7.4297       0.8941       2.0405       -2.3504      0.1022    
373      -2.4956      -2.6710      6.6554       2.3838       -2.2399      1.4870       0.9019    
374      1.9590       -3.3466      1.3237       0.1554       -1.5421      2.4429       0.8986    
375      -7.8504      -4.5689      2.7870       4.1812       0.6597       -2.1611      0.2997    
376      -7.7574      2.7473       -6.5083      3.4790       -0.8865      2.6868       0.9796    
377      6.5078       -7.0037      -2.6308      -0.8285      2.5909       1.2416       0.3691    
378      -1.0581      2.4838       -4.2072      18.9510      -5.1812      6.3165       0.4536    
379      -7.7592      4.4786       -7.7763      1.7684       -1.1147      2.4661       0.8584    
380      6.5456       -7.2544      5.2693       -0.8452      2.4176       -0.6400      0.3435    
381      -1.7294      2.8124       -6.0628      0.4097       -0.5551      2.9194       0.5806    
382      2.6456       -7.3592      1.4199       -1.6150      2.6108       -0.0962      0.3131    
383      -1.4318      -4.0495      -4.3635      0.3698       -0.3171      2.2941       0.7957    
384      7.4060       8.6688       3.8695       -1.1978      -1.4756      -2.5134      0.8582    
385      -6.0076      7.8209       -7.6821      0.3712       -1.5360      0.9003       0.5972    
386      -5.2323      5.2176       0.8371       2.2877       -2.1778      -0.8199      0.7347    
387      -6.1299      -6.1508      -4.3196      2.3551       1.9061       0.7405       0.3276    
388      0.2483       -1.9493      3.3214       -0.0124      0.8478       -1.6108      0.2426    
389      4.8836       2.8495       8.1075       -1.7497      0.0655       -3.4105      0.4397    
390      7.5456       -3.1747      -3.1507      -4.1469      -0.4316      0.8296       0.6481    
391      -5.2363      7.2516       -1.4455      2.0734       -2.9581      -0.1640      0.5523    
392      6.8691       -0.6092      -5.8076      -5.4965      -1.9000      3.6585       0.7323    
393      -7.1142      4.4895       3.9496       3.4028       -1.7707      -0.8433      0.6925    
394      4.7251       6.7874       3.2021       -10.0863     -5.3883      -15.9036     0.9065    
395      6.4001       8.6324       3.9473       -0.4113      -2.6529      -1.2958      0.6146    
396      0.3075       7.4328       -8.2757      -0.2167      -2.0141      2.8638       0.3456    
397      1.9879       7.2510       -0.2711      -1.4825      -2.5263      -0.4860      0.4289    
398      -3.5059      -0.8198      -0.4484      -0.3158      -1.4984      -0.3368      0.5775    
399      -1.4134      -7.5919      -3.3105      0.3949       3.3789       1.1546       0.9963    
400      5.9190       -0.8080      5.9170       0.0268       -1.1374      -1.9306      0.2399    
401      3.7718       4.0063       -4.1900      -1.1874      -0.8940      1.5869       0.6282    
402      0.2671       6.4145       5.8241       3.4356       2.6319       -1.8541      0.9846    
403      -3.5438      -3.6963      -2.2797      1.0263       2.3082       1.3178       0.5301    
404      -5.6725      7.7500       3.3227       1.8039       -2.6897      -0.9007      0.7913    
405      1.2863       -4.1120      -2.4000      -0.9022      1.2780       0.5642       0.9093    
406      7.7787       -8.6669      -1.2263      -2.2499      2.3878       2.0709       0.2588    
407      -2.6634      2.8535       3.0296       1.4707       0.0046       -0.5925      0.3821    
408      -1.6556      6.4574       -3.5826      -4.9953      3.8075       -8.9824      0.8816    
409      -2.9565      5.1541       -4.9759      1.5629       -1.8488      1.9227       0.3504    
410      -0.1080      1.9955       -0.7871      0.1520       -0.5715      0.3782       0.3080    
411      -3.2425      -6.6731      8.5041       6.8387       -4.8825      3.9302       0.8018    
412      8.2241       -6.5417      -5.9989      -2.3089      -0.4785      5.4281       0.9288    
413      -7.3697      4.8936       -2.9260      3.7810       -0.5620      1.0507       0.1179    
414      1.0670       -1.1100      -4.8721      -1.2325      -1.1659      2.6661       0.8659    
415      7.3501       -5.9711      -4.0605      -1.7601      1.5921       1.2123       0.2852    
416      0.6624       2.1742       -7.8601      -0.2830      -0.7840      3.3462       0.7433    
417      0.6869       -7.2508      6.8820       0.2712       1.7308       -2.7641      0.6754    
418      4.9293       -5.1764      5.5133       0.5974       1.8286       -1.1192      0.7277    
419      -1.4062      -7.7583      6.3460       0.2481       -2.1464      12.5693      0.9483    
420      -7.0054      -1.8935      6.7874       2.2384       2.2690       3.6976       0.8463    
421      -7.4552      -5.6086      -2.6359      2.0640       2.4756       1.4130       0.2959    
422      -1.4959      5.1160       -2.6414      -0.5614      -2.3299      -0.1000      0.6335    
423      -7.5849      6.1703       -2.5589      3.4471       -2.4384      0.6065       0.9579    
424      -2.2240      -2.1659      5.9539       -0.8739      0.8533       -2.0017      0.1323    
425      4.4210       -5.3090      -0.8505      -1.4573      2.8164       1.5958       0.2481    
426      1.2598       -0.2866      5.9501       -0.4564      0.8546       -3.3890      0.9077    
427      -2.0534      6.3678       -6.9852      0.7480       -1.9668      3.0195       0.3165    
428      6.2730       7.9447       -2.9485      -2.1211      -2.7602      0.5876       0.3131    
429      7.5516       -3.0577      -3.7368      -1.8759      2.4403       1.3263       0.8788    
430      0.7437       -7.4763      2.7551       0.5281       3.1403       -2.3137      0.9148    
431      -2.6529      -0.1590      -7.7928      0.6058       1.1250       2.8259       0.8481    
432      1.5669       -0.2958      0.6409       12.7496      1.2906       3.8075       0.1248    
433      6.6499       -0.8243      -5.8069      -4.5066      -1.8487      6.1178       0.2637    
434      -0.0652      -4.3288      -5.5250      -0.1365      1.4546       1.9354       0.6393    
435      -2.8321      -6.5184      5.0024       0.7434       2.2534       -1.7552      0.5815    
436      1.3585       5.6857       -3.4385      -0.0329      -2.0986      2.7122       0.5340    
437      -5.4620      0.5790       -2.0014      1.5194       -1.6244      0.7260       0.3485    
438      5.4249       7.7437       -1.3878      -2.1630      -3.1804      -0.3154      0.6515    
439      2.2505       5.1408       -5.2149      -1.7228      -3.9686      6.3655       0.2794    
440      3.6182       0.2593       5.3778       -10.6707     -0.9143      -4.4552      0.3269    
441      -7.9177      -4.7390      6.4609       2.3835       2.0755       -3.4354      0.7515    
442      1.8598       6.5580       5.2003       -0.6954      -2.6416      -1.5547      0.7664    
443      -2.8562      -4.2555      2.1245       1.4476       -4.9994      2.8294       0.7079    
444      -8.9453      -8.7012      -2.4427      2.0335       2.0821       0.4544       0.6158    
445      4.9499       4.3826       -6.7356      4.9276       2.3750       0.9183       0.4498    
446      7.0767       -4.8258      4.7761       -4.1313      0.9862       -1.2968      0.8561    
447      6.7693       3.7333       3.6235       -2.7416      -1.4059      -0.8430      0.2952    
448      -0.6782      -2.7934      -2.0968      0.1055       0.9313       0.9461       0.3473    
449      -3.8816      2.2035       6.2313       1.3237       -0.6437      -2.4758      0.1217    
450      7.2463       6.5028       2.1901       -3.8145      -0.5966      3.9714       0.5249    
451      5.1453       0.7901       4.7311       -2.1350      -0.3361      -1.6002      0.5753    
452      3.9251       7.1235       5.2800       -1.0260      -4.2534      -1.9076      0.4468    
453      -4.1652      -4.0852      -8.1230      0.5977       0.9151       2.8737       0.1668    
454      -2.2173      -6.0563      1.7048       0.9363       2.0637       -0.6862      0.2067    
455      -7.4904      6.7173       -4.8108      2.3821       -1.9938      1.7511       0.2642    
456      0.1663       -0.4523      0.6042       -0.2155      -0.2947      -0.7682      0.4831    
457      -2.0612      -4.1548      -1.2293      -0.5351      4.6485       -11.5139     0.6742    
458      -1.5997      3.0274       -3.4732      4.3036       -0.5267      8.6498       0.3935    
459      -3.3838      3.4574       -4.4516      0.3856       -1.8628      -0.6776      0.6649    
460      3.4793       -1.6815      1.2796       -2.2834      1.3111       -4.3201      0.9885    
461      -7.0734      -4.4632      2.3929       1.3583       2.1241       -1.1029      0.1640    
462      1.4570       -7.2126      -3.5603      -0.7496      2.8695       0.9199       0.6547    
463      -4.1194      -8.3522      -2.9475      1.0082       3.1974       0.8562       0.5487    
464      -6.6953      1.3068       6.2206       -0.8353      -1.0656      -3.9146      0.7176    
465      2.7914       -2.4703      2.7138       -1.0840      1.0328       -0.7107      0.2700    
466      5.2532       5.7227       -0.9025      -1.8044      -1.9393      -1.0368      0.5573    
467      -2.6833      2.6082       3.8904       1.0735       -0.1117      -1.8431      0.5092    
468      7.2707       4.3755       -3.9687      -3.5209      -1.4283      1.1759       0.1801    
469      -3.3427      -5.1655      -0.6156      11.2654      0.5657       -7.8313      0.5889    
470      -0.4604      -0.9841      1.6065       0.5327       0.5189       -1.4627      0.5445    
471      4.4559       7.7200       -4.1143      -2.3622      -3.1093      1.2347       0.3357    
472      -5.0529      5.2379       8.2925       1.6310       0.1996       -2.5253      0.7312    
473      -5.5624      -6.9955      -4.6584      0.7207       2.6990       0.7101       0.7653    
474      7.4187       8.7882       4.4051       -2.1021      -2.7232      1.5304       0.3844    
475      -1.9723      -8.3148      8.3257       0.3233       2.3093       -2.2055      0.4041    
476      -3.5741      -0.7733      7.0622       2.0298       0.2737       -3.7889      0.6550    
477      0.1764       -4.3431      -2.8305      -0.5601      1.3306       0.9314       0.3368    
478      2.7078       -1.4552      3.9394       -0.2673      1.0071       -1.8012      0.4461    
479      1.5654       -6.9510      6.8447       -0.6679      1.6083       -2.2717      0.5302    
480      -1.9574      0.8401       8.1600       -0.5654      -3.5712      -0.5842      0.9241    
481      8.4399       0.9288       2.0970       -3.0964      -0.3548      -0.2804      0.8080    
482      -2.2100      7.2956       2.0676       0.0955       -3.0477      -1.0655      0.7142    
483      -6.5862      1.3398       6.1161       4.7756       0.0624       -2.3798      0.9838    
484      -7.1430      0.2816       3.1972       -1.5318      3.4102       -2.6945      0.4704    
485      -3.1106      2.6115       -0.7581      -0.3058      -3.2711      -0.9087      0.4790    
486      -6.4693      -5.6043      -0.6464      1.6237       2.9416       0.2811       0.9998    
487      1.4301       4.5775       -1.9995      -0.9682      -2.3604      2.7671       0.9107    
488      6.1989       3.8884       -3.6284      -3.2063      -1.7843      0.6301       0.8519    
489      7.9480       5.5197       -2.5660      -2.3355      -2.3278      1.7271       0.8967    
490      0.0938       -4.3665      5.3118       -0.0670      1.1930       -2.2661      0.8585    
491      -3.1765      -7.7721      2.3313       0.7173       4.4300       -0.0990      0.6574    
492      -5.9359      2.5757       -2.6098      0.3281       -0.9678      1.0707       0.1487    
493      -3.0738      7.7681       0.2111       -0.1259      -4.3075      0.1574       0.1530    
494      -6.8779      3.6696       -1.0110      5.9679       -5.6585      0.0419       0.8737    
495      -3.1564      7.2702       -6.4201      0.7952       -2.2174      2.2884       0.5481    
496      3.1936       4.2726       6.7517       -1.1842      -2.4482      -2.8907      0.4738    
497      4.5730       -4.4803      -3.1443      -1.5896      1.7195       0.7608       0.9019    
498      -5.2084      -0.0767      -2.2648      0.6922       0.4486       1.8774       0.2156    
499      2.0976       -16.6840     -5.4337      -5.8757      -12.7969     2.8489       0.8087    
500      -0.0010      -5.0816      -6.8699      1.3189       2.5989       2.8879       0.8323    
501      -4.6763      6.0324       -2.1853      1.1457       -1.7514      0.0967       0.2149    
502      -3.0154      4.5983       3.5708       1.0303       -1.5812      -1.0833      0.2339    
503      -0.3083      -0.4655      -1.6540      -2.3152      -1.5180      -2.5779      0.5862    
504      10.6510      1.4680       -3.5109      8.6563       1.8034       3.2308       0.6133    
505      -3.3447      8.8605       6.8631       -1.0879      -1.5360      -3.2505      0.8504    
506      0.8858       7.7123       -0.0145      -2.6224      -5.3267      0.0717       0.8960    
507      -5.1811      5.3198       -2.9060      -0.3394      -7.8063      0.1471       0.7587    
508      3.5990       1.5122       -7.7548      -0.3713      -0.6302      2.9448       0.7500    
509      2.6910       -6.6144      -8.5353      -1.5879      1.8929       2.2876       0.2550    
510      5.7610       -3.9039      -7.7196      -2.1769      -0.3642      2.5822       0.7265    
511      -6.5852      4.4352       -1.8199      3.4608       -0.6196      0.9692       0.3852    
512      -6.1987      9.8673       -8.2730      1.1989       1.7133       3.1380       0.8307    
513      7.9630       8.9535       3.2471       -0.0178      -1.3628      -0.4219      0.4717    
514      -3.3722      -2.0411      -1.0319      1.6249       1.0006       1.2517       0.5614    
515      -0.5897      -0.2012      -7.6614      -0.4737      0.0214       3.1287       0.4897    
516      6.3217       -3.0795      -5.5260      -10.7171     -1.2480      -9.4553      0.7965    
517      0.4091       5.3171       2.7816       -0.5261      -2.0343      -0.9736      0.6753    
518      -2.9813      5.6082       7.4827       0.9878       0.4381       -1.6782      0.1727    
519      5.2331       4.1887       -7.8795      -1.3679      -1.4411      2.3465       0.5277    
520      -6.0546      6.7459       -1.6822      2.8226       -2.6282      -0.1194      0.1091    
521      7.3487       0.7570       6.8727       -0.9437      1.4177       -2.6021      0.2067    
522      -4.3525      2.8198       3.5638       1.0991       -0.8814      -1.4400      0.6758    
523      3.3455       7.7501       -3.4539      -0.0015      -3.5374      1.3048       0.3325    
524      9.1688       1.2046       -1.8735      1.3939       -4.8897      -1.2268      0.3239    
525      7.0576       -1.5043      -5.2219      -4.4460      1.3683       0.9062       0.8297    
526      2.7294       -0.3873      6.3834       -1.0091      0.4590       -2.7832      0.8764    
527      2.0120       2.6682       -0.9372      -0.5073      -3.1683      -2.3125      0.9866    
528      -6.0064      7.6944       1.3300       1.9813       -2.6415      -0.7077      0.3522    
529      5.5443       -4.2593      3.4801       -1.4158      2.1032       0.1515       0.9795    
530      -1.0457      6.7042       -2.0471      0.7942       -3.0356      -0.5748      0.4690    
531      1.2906       -0.5654      1.7629       -0.0740      -0.6782      -2.4193      0.3162    
532      4.7695       8.4228       6.5582       -1.0032      -2.5553      -2.1576      0.2466    
533      8.1617       -1.1420      -6.8724      -3.7337      0.5861       2.1278       0.4272    
534      -4.5624      1.5432       7.0179       7.4948       6.7879       -3.8318      0.9437    
535      0.4943       -4.5142      -4.6708      -1.2910      1.4929       0.9404       0.7563    
536      3.6749       -2.3594      7.5650       -0.5673      0.8852       -3.2069      0.9952    
537      5.9906       4.0084       -1.6884      -2.8156      -0.7956      -1.1024      0.9310    
538      3.0123       2.4940       6.3722       -1.1300      -0.1349      -2.8015      0.9130    
539      -4.2839      5.2543       0.7001       0.1400       0.6173       -0.3558      0.9804    
540      0.7860       -3.7731      5.3361       -1.5118      6.8210       2.7190       0.8575    
541      6.5562       -0.8610      4.6501       -3.8073      -0.5364      -1.2334      0.5963    
542      8.0469       -4.3229      -4.4823      -3.0854      1.6947       1.2633       0.1158    
543      -1.3664      -3.5813      5.9793       0.2980       1.4028       -2.5839      0.7462    
544      -0.3706      4.6434       -1.7005      -0.2444      -0.9635      0.3785       0.9275    
545      7.7543       7.9663       -0.7308      -2.2488      -2.2360      -0.0569      0.8160    
546      1.8644       3.0093       8.9054       -7.6464      -2.0500      -1.0054      0.7105    
547      0.7723       -5.2105      -5.9949      -1.7531      3.5598       -0.2586      0.2493    
548      6.9858       6.7163       -6.8518      -2.1394      -1.3688      1.4448       0.6575    
549      -6.3253      -0.9728      3.8633       3.1257       2.7576       -1.3168      0.1137    
550      6.7193       -8.2067      -1.2286      -0.1129      2.5694       0.1160       0.3137    
551      5.8642       -8.0082      -7.5976      -1.0247      1.6037       1.3784       0.9361    
552      7.5890       3.5197       0.5470       -3.1936      -1.0694      -0.8237      0.5282    
553      -3.8736      -4.0525      2.1493       1.2922       1.4889       -0.8068      0.9615    
554      -0.9158      7.2211       -3.9768      0.1335       -3.7537      1.0109       0.4963    
555      6.7549       2.0509       8.2073       -2.1591      -0.0537      -2.4899      0.7693    
556      -2.7000      5.8641       1.1664       8.0491       1.4208       -7.5948      0.6974    
557      -2.2381      4.2065       0.0502       -0.7232      -2.5427      -1.4847      0.2937    
558      1.0074       3.2045       6.0588       -0.2141      -0.3810      -3.2378      0.8954    
559      -7.9391      -3.4561      5.9184       2.9675       0.5666       -2.2951      0.7952    
560      6.7133       7.6276       -5.3001      -2.3168      -1.1510      1.0835       0.2145    
561      8.0126       0.4122       -7.5095      -3.4990      -1.2216      2.0642       0.5888    
562      7.6571       -1.1066      -4.2647      0.2356       -1.3282      -4.1743      0.8506    
563      -8.5549      3.7030       -0.5980      2.6994       0.4800       2.9428       0.7085    
564      8.6483       -1.6668      -0.7506      -1.7981      0.6361       -5.4854      0.9321    
565      3.5407       1.8101       5.2448       -1.3311      -0.3544      -1.6877      0.5415    
566      8.3985       -4.5810      -10.5134     -1.5885      6.4442       -10.5804     0.3262    
567      -1.1618      -6.0052      -3.4407      1.1699       3.1911       1.8176       0.2622    
568      -8.4183      -8.0345      -8.9142      1.2074       1.2672       2.0112       0.9020    
569      3.6326       10.1730      -2.4359      -1.1029      11.9840      -0.7926      0.3969    
570      7.7900       -3.0046      -3.3443      -3.4129      -0.5365      0.1738       0.4256    
571      -4.5547      7.8429       -6.9930      0.7649       -2.4309      2.1485       0.4186    
572      7.0360       7.2561       1.1293       -2.3351      -1.5754      -0.1165      0.2874    
573      -3.1904      3.7104       0.4780       2.2133       -0.9914      0.3428       0.7680    
574      4.7164       7.1508       -3.4762      -2.4453      -1.9125      1.0729       0.6609    
575      -0.0455      3.8478       -5.2984      -0.7323      -1.3307      2.6181       0.3892    
576      -5.0477      -5.7248      -8.4627      0.4432       1.3669       2.9632       0.9777    
577      1.1379       2.0914       -2.3556      4.2100       -1.9509      -0.8197      0.3095    
578      1.5289       -7.4321      0.8831       -1.1605      2.8947       0.1348       0.4838    
579      -2.9097      -1.3787      4.7030       0.1552       4.8087       -9.2846      0.6597    
580      -2.4941      -1.5254      -0.1472      -0.7304      -0.5284      -0.5132      0.4392    
581      -2.3031      3.7884       -0.2630      -0.8638      -2.0148      0.5140       0.7681    
582      9.0106       -2.7571      -6.6202      6.2381       7.7001       3.1006       0.4389    
583      3.9601       -1.2541      -5.6518      -0.2942      0.3249       2.6768       0.9475    
584      -7.0802      4.4848       1.4879       3.1269       -1.5923      -0.6875      0.5859    
585      -7.1547      0.2246       -0.8251      3.2438       0.6661       -0.7097      0.4836    
586      4.7911       6.6176       -7.0582      -0.7224      -1.3719      2.1415       0.5493    
587      5.4415       -4.5573      -9.7284      -7.1001      -15.9061     0.3327       0.4876    
588      -4.4629      -0.6966      -5.1038      1.1822       0.0599       1.9601       0.7056    
589      -2.9135      7.6861       1.3313       1.2324       -4.0253      -1.5624      0.1602    
590      -7.2410      -8.0335      -5.2508      1.9321       2.7549       0.9938       0.2915    
591      4.7840       -0.5031      7.3284       11.0287      -13.7904     18.6132      0.3956    
592      -5.3701      -1.0400      -1.7673      2.0640       1.7073       0.4399       0.6256    
593      -5.5014      -4.2765      6.2737       1.1799       1.0404       -2.3722      0.1813    
594      5.1798       -3.6399      10.8879      -9.9850      9.2285       17.3875      0.4718    
595      5.4877       -3.5900      -2.4416      -1.8246      1.1311       -0.1077      0.2028    
596      5.6482       -6.4266      8.0891       -0.5304      1.7047       -2.9769      0.2509    
597      6.2984       -0.6233      6.5213       -4.3814      0.8877       -1.8138      0.6895    
598      -8.3411      6.1195       -1.3518      -0.6103      5.4763       -1.5015      0.5616    
599      1.3283       0.1033       -0.9860      -1.8869      -0.7796      -0.5197      0.9107    
600      -0.6051      -6.4078      -2.3065      1.2931       0.9464       -0.3862      0.9618    
601      1.5757       1.3567       -5.8719      -0.8612      -0.3087      2.0534       0.8035    
602      8.2548       -7.0920      -0.8101      -2.6308      1.6702       -0.4687      0.8021    
603      -2.2105      3.0788       -4.9826      0.9000       -0.0664      2.0669       0.3632    
604      -6.5196      -0.6681      -3.0761      3.1820       0.9657       1.7906       0.4025    
605      -8.6478      -7.9492      2.0529       2.4172       2.1203       -0.9678      0.9932    
606      -4.0338      8.1393       5.4642       0.9991       -2.6595      -1.4449      0.8366    
607      -5.2045      -3.5451      -3.0937      1.8774       1.0119       0.8796       0.4813    
608      -4.2461      -0.7658      -7.4073      0.7556       0.6508       2.7877       0.5479    
609      -13.5286     -3.0498      7.5061       -8.7283      4.3304       8.4381       0.4866    
610      0.0900       -3.2514      -3.8142      -0.5540      0.1359       1.0952       0.5814    
611      -4.2528      1.0839       -1.7270      0.8437       -0.7957      0.6688       0.4586    
612      -1.8546      7.1504       1.0507       -0.2004      -2.7363      -0.4229      0.7802    
613      -4.9499      5.3464       6.5146       1.6880       -2.1042      -2.8191      0.9279    
614      5.5842       3.8167       -1.2583      0.1999       -0.9405      -1.2217      0.4929    
615      -2.2265      5.1168       -5.3931      0.4378       -1.7215      2.1927       0.8638    
616      -4.9260      1.9979       3.6992       1.4057       0.2872       -1.7801      0.3618    
617      4.1142       -0.5425      -3.9765      0.5689       0.1252       0.4570       0.9613    
618      2.2045       3.9918       4.5992       -1.3872      -4.1199      -1.0464      0.6421    
619      -3.1697      5.7715       -0.7225      -1.8687      -6.1372      0.7349       0.8475    
620      3.0924       -6.6030      6.9474       -2.4680      3.8701       -3.8346      0.9380    
621      -0.3923      -1.0494      -7.7869      -0.5259      0.6900       3.4913       0.1600    
622      6.8636       -1.9423      -5.0855      -2.8319      2.6219       1.0467       0.2537    
623      7.0879       -1.5081      -8.4068      -1.4716      0.6910       3.2313       0.8001    
624      -0.5177      -7.5953      -8.6240      0.6205       4.4508       1.4212       0.1535    
625      7.1952       0.5167       -5.0238      -3.4372      -1.6239      0.6184       0.5742    
626      -2.3942      3.2795       3.3282       -2.9811      -0.5495      -1.7660      0.7217    
627      -10.2723     4.7318       -6.6442      -8.0423      1.2662       -0.9672      0.7571    
628      -1.0646      -4.2440      -0.0992      -0.3021      1.4595       -0.9219      0.3184    
629      -4.3171      3.4207       -8.3923      -1.0852      0.0800       0.8553       0.9186    
630      -7.4052      -7.0039      7.3594       2.1943       0.5757       -1.4533      0.2585    
631      0.3794       7.6492       3.2702       -0.0103      -3.7463      -0.1832      0.5993    
632      1.3513       -6.0781      -0.6405      -1.0051      2.3326       0.2286       0.7059    
633      5.8773       -3.8078      -7.6454      -0.6241      2.9821       2.6656       0.4719    
634      -7.1145      3.4065       6.3011       2.3032       -1.2511      -2.5862      0.2888    
635      -5.0616      6.7311       4.0970       1.4319       -2.3875      -1.3804      0.4450    
636      -6.1020      0.3504       -4.9967      2.5568       0.0020       2.0419       0.1190    
637      -0.0042      -9.8764      17.1394      1.7135       -2.8755      10.9509      0.5105    
638      4.4176       -2.5265      5.6839       0.0096       1.1346       -2.4034      0.9459    
639      -5.0297      0.5617       -0.9174      1.7063       -0.5956      -0.8240      0.9802    
640      -0.7590      2.2560       -6.2831      -0.1875      -0.8659      3.2794       0.8077    
641      -5.4066      6.3238       -1.4906      1.9859       -2.0010      -0.6044      0.5472    
642      7.5035       -8.5005      -1.2250      1.0715       2.4626       -0.1185      0.3817    
643      -6.4315      -7.4641      1.5491       1.9778       2.1186       -1.4022      0.3242    
644      -1.0547      2.2849       -4.6582      0.5658       5.4191       1.2646       0.7724    
645      -4.2744      -8.6200      0.6650       2.6931       -0.1045      1.6522       0.5981    
646      -1.8899      -7.3150      1.9163       0.4806       2.8125       -0.5206      0.4482    
647      3.2407       -2.0263      -4.6277      -0.4246      0.9633       1.2879       0.6779    
648      -5.7334      2.1452       -1.3564      2.1342       -0.7869      0.0094       0.6390    
649      -3.2394      -0.0663      5.5877       0.5998       0.0288       -2.1923      0.4484    
650      -3.0891      3.9019       6.3504       -0.7852      -1.1884      -3.5114      0.1600    
651      4.5226       -1.6801      -8.1323      -0.4434      0.4761       3.2699       0.6502    
652      -4.1007      7.9658       -2.4999      -0.8983      -3.7433      -0.6759      0.4372    
653      6.4454       -7.9649      4.4483       -1.3945      2.9964       -0.2195      0.8396    
654      7.2623       1.5712       4.3571       -3.4832      -0.8095      -1.1340      0.1991    
655      4.9881       8.4661       -5.8989      -1.4211      -2.7454      1.6170       0.9116    
656      -6.4528      -3.0261      -4.0143      2.3630       0.7088       1.7123       0.7695    
657      -1.7167      2.9630       -4.0543      0.0062       -0.3815      0.6693       0.2503    
658      -4.7467      -1.9794      2.1502       1.4592       0.5934       -0.9204      0.7679    
659      -1.4968      -6.5536      -8.6129      0.7040       1.6488       2.4851       0.8701    
660      3.3173       -4.3505      0.1013       -1.4667      1.5194       -0.4303      0.8029    
661      4.1942       -1.7869      3.1685       -2.4203      -0.0991      -0.3908      0.2915    
662      6.1366       -1.2085      4.5753       -2.5406      -1.2568      -0.3178      0.7535    
663      -0.9402      -2.7286      -5.5846      0.0468       -0.0346      2.3310       0.5160    
664      -3.2376      -1.9374      6.5086       -1.8284      1.7300       1.2133       0.3689    
665      -2.4643      -7.7329      -4.4551      0.7360       3.0226       1.6086       0.7889    
666      -1.0004      -0.5102      -4.5495      0.7102       0.0265       1.8456       0.3101    
667      5.3920       -1.8571      -5.1516      -1.4292      2.0372       1.8079       0.4351    
668      0.2091       -2.9366      -1.9890      -0.9163      0.8115       0.5784       0.4062    
669      -6.6032      -5.5010      -0.8017      4.2501       1.7541       1.4400       0.2742    
670      16.0911      -9.3765      0.8575       15.6212      -0.4284      13.7319      0.4199    
671      -5.4426      -4.1711      7.1511       1.1446       1.1447       -3.0072      0.6340    
672      4.1224       3.2831       7.4171       -2.1040      -1.9537      -4.1419      0.9297    
673      0.4618       2.0707       4.7033       1.5448       -8.7947      -3.5100      0.9571    
674      7.0876       -4.2746      -2.2418      -2.2303      1.6822       0.2174       0.6414    
675      -4.1603      7.2070       -5.8663      5.0598       -3.1700      5.5406       0.1756    
676      0.6977       -5.1478      -6.0887      -0.3544      2.5822       2.3138       0.6609    
677      -1.2008      -3.6576      -4.1998      0.8960       0.0782       2.8754       0.5995    
678      3.7358       8.2487       -5.5678      -0.2970      -3.0406      1.6126       0.3053    
679      -0.2779      -4.6425      -2.0133      7.3967       -21.4227     -7.8751      0.9731    
680      4.2310       -5.3232      -0.9029      0.2066       1.9634       0.2784       0.2034    
681      3.3823       7.5555       6.3005       -1.6978      -2.5971      0.1048       0.9645    
682      6.7791       -0.2776      -5.8773      -0.5934      2.6471       -3.5144      0.7668    
683      -1.7302      -0.1661      8.1207       0.1834       0.5339       -3.8192      0.6371    
684      -6.8225      -5.8135      -2.4603      1.8925       2.4380       0.6440       0.2991    
685      0.6108       -4.7523      -6.6859      -0.0823      0.5219       2.7246       0.8611    
686      -1.6136      6.7688       -5.3384      0.6473       -2.2990      1.4921       0.4728    
687      6.7305       -0.4091      6.7411       -0.4024      -2.2928      -0.2187      0.2237    
688      -0.0897      6.6801       2.5513       -2.5929      1.6574       2.0731       0.6478    
689      -1.4806      5.6282       -7.3905      -0.0150      -1.4989      3.2016       0.7580    
690      8.4044       -5.4708      -1.4313      -3.0914      1.3054       0.1477       0.2558    
691      2.7468       -0.3915      3.9404       -0.6118      -0.0090      -1.8905      0.9809    
692      6.1173       -8.4774      -8.2418      -0.7201      3.1036       1.8812       0.7260    
693      -4.0630      -1.2792      -5.1416      0.6383       0.9860       2.0024       0.4867    
694      1.2742       -8.6020      6.9898       -0.1667      2.7199       -1.9906      0.7112    
695      1.4639       5.9305       -4.4382      -1.0592      -2.2026      2.3488       0.6395    
696      -0.7110      -5.6388      -2.7225      -0.7287      2.9560       1.9065       0.8882    
697      5.3126       2.3916       7.0566       -2.1313      -0.4177      -1.9636      0.8066    
698      6.7194       -0.6922      -5.2961      6.7062       5.0085       -5.0909      0.9688    
699      0.2756       1.7684       4.7557       -0.4002      0.0423       -1.2842      0.2456    
700      -3.1118      0.4353       4.2535       0.5330       0.2738       -1.1043      0.6863    
701      2.2112       6.3362       6.7315       -0.5873      -2.4502      -2.5147      0.2541    
702      -7.1814      -3.4037      0.6013       3.0779       0.5385       0.3227       0.5179    
703      4.2074       0.5746       -5.5224      -0.4781      -1.1353      1.9911       0.5815    
704      -6.8667      1.2959       3.0145       2.0816       -0.4672      0.8313       0.7899    
705      -5.9568      -3.0857      4.8157       4.3433       1.9667       -1.4039      0.7474    
706      1.0168       5.4178       -3.2888      -1.1523      -3.3838      0.5641       0.7949    
707      -8.7947      -8.6265      -8.8525      2.0252       2.3039       1.2845       0.9721    
708      -6.4939      3.8105       6.0980       -5.9079      -5.3293      3.1362       0.9436    
709      6.7387       -6.9427      -1.5382      -1.0856      0.1005       1.2937       0.7684    
710      9.1977       -2.0020      -1.9912      2.8660       3.6915       7.2637       0.9932    
711      -7.5913      -0.0524      0.3723       2.7077       -0.5164      -0.2165      0.2235    
712      3.7897       0.2752       5.4237       7.6132       1.1479       0.3537       0.3441    
713      -2.2196      -4.7513      3.7027       0.3128       1.5268       -1.6753      0.3946    
714      -8.3287      -6.1680      -3.6634      2.8709       2.0257       0.9273       0.1038    
715      7.5912       -8.5916      -1.3457      -3.3535      3.0491       -0.2492      0.7905    
716      -7.3679      7.1012       4.9355       2.1138       -2.0457      -1.4908      0.9725    
717      6.9400       -9.8721      9.6629       3.2213       -0.6773      0.0888       0.6021    
718      4.5375       0.0326       -0.7653      -1.6557      -0.3136      -0.3328      0.5481    
719      -1.4016      11.8337      -15.5316     -2.1042      2.1773       -9.8135      0.6204    
720      -1.6540      2.5762       0.6985       6.6318       5.6588       -1.8549      0.4659    
721      -0.4975      -3.4972      -0.7757      -0.6081      1.3049       -0.2260      0.4113    
722      -7.8271      4.9069       7.4353       2.1126       -1.2069      -2.2157      0.2094    
723      -8.1480      -2.4124      7.5321       -5.6731      -7.8027      -1.8947      0.7695    
724      2.6189       5.2814       7.6518       -0.5083      -2.1615      -3.1259      0.2624    
725      -8.2089      7.0939       3.6009       2.8684       -2.0752      -0.4773      0.3984    
726      2.3618       -5.0452      4.8806       -0.6554      1.2797       -2.2590      0.6246    
727      -6.9347      5.7253       -3.1412      4.1967       -2.5726      1.8640       0.6392    
728      6.6166       2.4690       -5.5645      -1.8107      -1.3101      2.0097       0.3046    
729      -0.2582      8.8931       -8.0140      0.0002       -2.2233      2.2036       0.8431    
730      -4.9167      -3.6259      -0.4383      2.2870       0.8335       0.3178       0.1455    
731      -5.1631      6.8819       -3.5490      1.3687       -2.3348      2.1677       0.8289    
732      -7.2477      -4.9444      6.2565       1.4705       8.4751       -5.5353      0.6348    
733      6.2750       -0.6273      -5.7244      -4.3346      1.0728       -0.0397      0.3359    
734      7.7011       -0.7560      -8.3399      -2.4495      -0.2058      3.0637       0.7272    
735      -4.8347      4.9080       5.5061       0.8907       -2.2495      -2.6100      0.7523    
736      -0.5411      -7.7946      1.5860       0.3766       3.6011       -0.3409      0.9672    
737      8.5019       -0.7234      -7.3297      -2.0342      -7.6400      -0.9150      0.2149    
738      2.4007       -0.8061      2.2332       -0.0158      7.9625       -2.2944      0.7551    
739      3.7233       7.3473       -3.2453      -0.5242      -2.6182      1.4348       0.2141    
740      1.0861       5.2272       -1.3842      -1.1830      -1.9185      -0.3936      0.5720    
741      4.9966       0.8574       3.1822       -2.0616      -0.1847      -0.3023      0.8566    
742      5.8784       -6.4121      5.3328       -0.9135      2.1554       -0.7086      0.7686    
743      4.3749       6.4273       -2.0199      21.7213      -5.2351      -15.5871     0.1936    
744      -7.9187      5.0350       5.7066       2.6651       -1.4430      -1.9101      0.3535    
745      -2.2514      4.0109       -6.1049      0.6686       -1.2705      2.9396       0.5896    
746      -2.3221      8.8319       8.6819       0.1696       -1.8270      -2.2020      0.7911    
747      -1.6528      2.8262       6.9921       0.9255       -1.3135      -3.3052      0.3331    
748      0.2434       8.2065       -5.3198      -0.2651      -2.4192      2.0919       0.4595    
749      7.2655       -8.4670      -1.1905      -1.4703      2.6961       -1.0624      0.3561    
750      5.8610       6.9583       -8.1862      -0.9172      -1.3418      2.6033       0.8266    
751      -4.6383      -5.9738      -5.3859      0.3770       2.2641       1.8024       0.9765    
752      8.5471       -7.7967      -3.3443      0.7433       0.4104       -1.9240      0.7042    
753      4.4157       -1.5652      -3.0435      -1.1494      0.9027       -0.0644      0.5899    
754      1.3729       -1.0215      8.0652       0.2560       1.1764       -3.7435      0.3303    
755      3.4572       3.6351       4.3720       -1.6442      -1.4846      -1.0134      0.9563    
756      0.2494       -1.3747      6.6728       0.3082       1.2739       -2.4974      0.7400    
757      -7.1290      15.7154      4.5311       -10.2636     31.5834      9.1980       0.6363    
758      5.8606       3.8372       -1.5745      -1.8739      -0.1524      -0.0090      0.1146    
759      6.5873       -8.0783      -8.3150      -1.5279      1.4329       2.4770       0.7749    
760      -1.8895      8.5697       5.5594       0.2968       -2.7611      -1.5335      0.9620    
761      -3.6228      -7.3583      1.9911       0.7475       2.4699       -0.0271      0.6820    
762      4.9738       -2.4667      5.5568       -1.8071      0.4622       -1.8099      0.6991    
763      -7.3414      -2.5267      -5.6096      2.7016       0.3843       1.1110       0.5781    
764      4.6195       -10.4540     -9.4390      -7.8022      -13.5597     -11.1147     0.1802    
765      7.0984       6.1222       5.7775       -2.2159      -1.3196      -1.3233      0.3206    
766      4.5910       -8.2174      3.6492       -0.9066      2.5899       -0.7905      0.5634    
767      -6.1817      2.6331       3.1664       3.6937       0.0442       -1.1447      0.7665    
768      10.6904      11.4717      -3.9931      3.9085       8.8443       -3.2910      0.9438    
769      -1.3794      -5.9236      5.0162       -0.0683      1.8195       -1.8839      0.9222    
770      2.1926       3.8653       4.5766       -0.7874      0.2603       -0.9882      0.9129    
771      3.3812       -6.9265      -1.0699      -1.0496      2.9202       0.2257       0.9423    
772      -5.1080      -4.5103      -7.2140      0.6636       0.7138       2.2955       0.5502    
773      2.3454       -7.4351      -5.9017      -0.6510      2.7131       1.3407       0.5317    
774      -7.0043      1.4285       3.0410       3.1534       1.7462       -2.7847      0.6166    
775      3.6965       -4.3655      3.8381       -0.4728      1.3114       -1.7654      0.5388    
776      1.3789       -8.2064      -7.2375      -0.0524      2.8170       1.5611       0.2268    
777      -1.6221      5.1871       -5.6439      -2.3014      -6.7341      -6.8199      0.1659    
778      -8.7436      0.6398       -12.5866     -6.3303      -1.3707      -2.8447      0.5266    
779      -6.2664      8.4207       6.4359       1.6863       -2.1673      -1.3770      0.4286    
780      -3.7483      -0.7468      7.3302       -0.3643      1.2192       -0.7618      0.6152    
781      1.2653       -6.1938      -6.2388      -0.7667      2.9680       1.7938       0.3319    
782      2.0460       2.1124       5.9624       -0.3808      -0.0894      -2.2404      0.8378    
783      -2.1038      3.8107       -1.4726      0.4490       -0.9186      1.0301       0.7576    
784      4.4113       -0.5889      -4.1566      -1.7411      -0.7110      0.8785       0.7465    
785      -7.8182      -0.2879      -0.8626      4.2072       0.6415       0.1527       0.3391    
786      -0.8015      -6.4665      0.4047       0.2172       3.3572       -0.3199      0.7985    
787      -1.8021      -1.0814      -7.6213      -0.4714      1.1271       2.2336       0.6024    
788      -3.8654      6.1802       -3.9527      0.7860       -2.2314      1.6277       0.1396    
789      1.8134       -7.9354      3.0127       -2.5598      3.5998       0.4828       0.8257    
790      -8.4840      -5.6081      -6.3293      3.0810       0.8173       0.7041       0.6303    
791      6.9046       -0.3686      -6.0631      -1.9595      0.6185       3.9588       0.9972    
792      8.4326       -6.0990      8.6631       -2.1545      1.0696       -2.1074      0.5072    
793      6.0530       5.4722       -1.3802      -2.4844      -2.2396      -0.0828      0.4724    
794      7.5300       2.4426       -8.4668      -1.7890      -0.8500      2.4285       0.5667    
795      4.1149       6.1603       2.9687       -1.0571      -2.4103      -0.8071      0.7270    
796      1.4585       0.1759       -0.9214      -0.4109      0.8335       2.6986       0.4044    
797      4.5379       -5.2509      -0.6577      -2.1216      1.6620       -0.7664      0.8250    
798      -5.5763      -1.2770      -4.0494      0.8386       -5.9139      -0.4410      0.4701    
799      1.6125       -7.8159      3.1418       -1.0282      3.7694       -2.2707      0.8346    
800      -2.0286      -2.2925      -7.1373      0.4672       1.0482       3.1511       0.9047    
801      2.7926       -4.8890      -2.5208      -1.4607      2.7553       1.3972       0.2973    
802      6.7443       6.6328       -8.6107      -2.5961      -1.0141      2.3029       0.3373    
803      6.7078       -1.0823      1.8494       0.4904       -12.2141     -1.8897      0.9381    
804      -2.8091      -1.4944      -0.5522      1.6937       -0.3415      -2.1105      0.3360    
805      6.6417       4.5354       -1.5012      -3.5809      -2.0633      -0.7826      0.2769    
806      11.1016      9.4552       13.6757      10.5949      3.4553       18.0847      0.6505    
807      -0.8530      -6.0274      0.1266       -0.5667      1.5767       -0.3507      0.6049    
808      -4.5717      -5.0829      -0.1782      1.3379       2.6871       0.2304       0.6626    
809      -7.3681      -3.3644      4.8198       -1.1650      1.0275       -1.3644      0.8054    
810      8.1431       -4.2469      -6.4412      -2.6378      1.2730       1.4792       0.1862    
811      -9.7456      -7.3762      -6.5786      -0.3377      -0.5398      0.8419       0.5808    
812      5.7426       7.3808       -7.7267      -1.0849      -2.4636      1.5498       0.8479    
813      1.0364       5.0085       1.3783       0.7826       -7.3245      11.5370      0.6542    
814      -0.5905      -1.2481      -0.9020      -0.3468      0.3040       0.0563       0.1392    
815      -6.6316      5.1368       -3.4828      2.4171       -0.1350      2.2718       0.9195    
816      -1.3642      8.1821       6.1990       -3.1510      6.8983       0.2866       0.6796    
817      4.4478       6.9176       -2.0040      -0.7324      -1.2545      -0.6017      0.8698    
818      -1.2628      -1.7276      -0.8816      0.6139       0.3366       0.7049       0.4721    
819      6.2877       3.8399       -1.7356      -2.9594      -0.4065      2.5216       0.7096    
820      -1.8706      3.7854       -3.9886      0.2705       -1.4130      1.3344       0.2953    
821      2.4594       5.6555       -5.9250      0.0959       0.2931       0.5767       0.5077    
822      -0.6886      1.1296       -5.5347      -3.3688      -2.0429      2.8018       0.9489    
823      -7.6306      -1.9674      3.5037       2.7905       -0.0809      -0.1512      0.9473    
824      0.8045       -7.4532      2.7778       -0.3324      -1.0983      -1.1971      0.8903    
825      -1.3921      -4.4465      -4.0886      0.3622       0.5710       1.4148       0.7291    
826      2.4199       4.1792       6.1200       -0.5250      -2.6827      -2.2963      0.8632    
827      -5.0661      -7.0878      -0.2200      0.0559       5.0790       -1.4215      0.8500    
828      -7.3390      -0.9620      -7.7116      2.0024       -0.6961      1.6049       0.8422    
829      5.2250       -1.0352      -1.8481      -1.9343      0.7956       -0.1976      0.5815    
830      -5.4109      -5.2959      -4.8656      1.3796       1.3537       1.3037       0.9191    
831      -2.5811      2.6721       17.3668      -12.9524     11.8620      9.4131       0.8582    
832      -11.6007     0.4497       -0.2362      -2.5329      3.5193       -6.2764      0.8386    
833      -1.0523      -5.5412      -1.9687      -0.3631      3.6593       -1.5230      0.6339    
834      0.2910       -5.4049      6.2374       -0.2472      1.5235       -2.7675      0.3754    
835      -2.0858      3.2409       3.4416       2.9372       -1.8917      -0.2577      0.8235    
836      -8.7237      3.1934       -13.1724     -11.4634     17.2726      -14.1089     0.5397    
837      -2.1980      -4.0148      -1.3467      0.5558       1.4685       0.5801       0.4910    
838      3.3873       4.2273       2.4221       -1.0521      -1.3881      -0.3943      0.1114    
839      3.3565       6.6421       -1.2701      -8.0175      6.9735       9.5016       0.3283    
840      -5.6558      -3.8473      -6.5250      6.5913       5.3895       1.0231       0.3626    
841      3.0692       -2.5745      1.2089       24.2129      -0.9144      4.8447       0.9557    
842      -2.8287      13.6011      -4.4083      2.8252       6.8936       2.3034       0.2241    
843      -1.8149      -4.9903      2.4930       3.9145       -1.7564      8.0446       0.4346    
844      -6.9174      -3.3441      2.3754       12.0850      -2.1179      2.2139       0.8189    
845      1.2783       4.0759       4.2596       -0.1004      -1.7553      -0.6474      0.4632    
846      -7.7344      -4.2427      6.3755       1.3751       2.9389       -4.4878      0.1169    
847      1.3002       2.5710       -0.5594      1.0947       0.1670       -2.5355      0.3089    
848      6.3612       9.1696       3.1821       2.9135       -0.5634      -4.1987      0.3932    
849      -8.6649      -8.7890      5.4812       1.7914       1.9471       -0.8006      0.1585    
850      8.4933       1.8346       3.3048       -3.0703      -0.5990      -0.7824      0.4873    
851      -8.4422      -1.6467      6.0642       3.1459       -0.1941      -1.9676      0.6202    
852      5.2358       7.0670       6.6588       -1.1088      -1.8165      -2.1221      0.5944    
853      -6.9265      -1.3693      4.0826       2.7323       1.3637       -1.5402      0.9388    
854      -5.8660      -7.8494      7.2792       3.5562       2.0819       -1.3835      0.7758    
855      -9.2698      -2.7071      1.6585       -4.7337      2.4354       -2.9241      0.8571    
856      -6.7556      1.7139       -4.6065      2.8475       -0.5016      1.6089       0.2645    
857      6.0477       -1.2832      4.5772       -1.0297      2.3140       -1.5104      0.5327    
858      4.9916       -7.5890      -5.9846      0.1907       2.8590       0.7987       0.4819    
859      -8.1077      -2.5845      -6.5158      3.2738       0.3994       1.5230       0.6621    
860      -6.1927      6.4542       -9.5154      1.2411       -9.5862      -0.8619      0.3815    
861      -3.9350      10.2040      -4.5053      -4.1214      1.4998       1.6054       0.9381    
862      -7.3304      2.8099       -6.2525      3.2621       1.2473       0.2147       0.6102    
863      -6.7361      0.6468       3.3084       3.6161       -1.5784      -1.2749      0.4291    
864      -7.9442      -4.8120      6.6384       0.6644       0.2799       -3.1735      0.5366    
865      -3.3989      -1.7930      -0.0863      2.6644       0.9823       -1.4833      0.9915    
866      -1.3716      3.9862       4.9893       1.6626       -3.6890      -4.9265      0.1526    
867      -8.4965      6.2342       -7.2364      3.2320       -0.6840      2.0474       0.4613    
868      -8.4713      -6.2287      -8.4648      2.7228       0.7704       1.7551       0.2253    
869      6.2153       3.7281       -1.5011      -1.1345      -1.3352      -1.3352      0.5885    
870      -5.8779      2.5871       3.3752       1.0673       -0.7644      -2.3223      0.9689    
871      -4.9032      -0.4898      1.2099       -11.3349     -11.4007     0.9840       0.2362    
872      6.6332       3.2097       0.1046       -2.5285      -0.4789      -0.8159      0.5314    
873      7.5264       2.8891       3.8434       -2.9612      -1.0764      -0.9788      0.3302    
874      7.0411       -1.7420      -7.2033      -2.1082      1.2069       2.7731       0.6728    
875      3.5008       -7.6006      -8.7004      1.2005       0.5699       2.0909       0.6752    
876      -2.8271      8.3953       -5.4661      0.4633       -3.2157      1.9502       0.4429    
877      5.2339       -8.3632      5.6498       -0.7782      2.9408       -1.2545      0.6147    
878      -5.6463      -6.5766      3.3366       1.8184       2.5419       -0.7965      0.3846    
879      5.4190       -8.0137      7.5121       -0.9220      2.1580       -1.5983      0.1632    
880      -7.5970      5.9539       -1.8686      3.4745       -1.8129      -0.4727      0.4806    
881      3.1963       -3.3817      -7.7197      -0.4362      0.7741       2.9426       0.1474    
882      -1.0485      2.1970       -4.6682      -0.5773      -6.4976      1.8548       0.6585    
883      -5.1664      -4.7653      -3.1352      1.8628       1.7985       1.1887       0.7172    
884      7.4877       4.0166       6.5563       -2.2911      -0.7439      -3.6635      0.6770    
885      6.4687       4.0168       -1.4827      -6.4380      2.6591       -0.5470      0.5914    
886      -2.3729      5.4848       0.4759       0.8759       1.8897       1.0126       0.7444    
887      -1.2312      -4.3910      -3.8535      1.0020       4.0947       1.0767       0.6489    
888      2.2175       -1.8262      -5.2273      -0.2984      0.8147       2.2382       0.1862    
889      4.0518       -3.0276      -0.5554      -1.9912      0.8656       -0.1381      0.2290    
890      5.5960       -0.8961      5.5099       -3.2997      -0.6466      -3.9264      0.5943    
891      7.0005       8.6355       2.9981       -2.5128      -2.2056      -0.7908      0.9190    
892      -9.2624      -7.2935      7.6844       0.1003       2.3682       -0.8625      0.8633    
893      -2.7263      0.9240       7.3204       0.7104       -0.6826      -3.1704      0.4585    
894      -2.6446      -7.4255      -1.0995      1.2120       3.1425       0.2636       0.9714    
895      -6.1492      9.4504       -3.5384      0.7977       2.4596       -0.3621      0.6300    
896      -1.6385      -2.9674      -0.0770      -0.5711      6.4893       3.3720       0.4936    
897      -6.0358      -1.5608      -7.1712      1.0177       0.4342       2.7178       0.7949    
898      -5.0723      -0.7193      -2.4868      1.3612       1.0820       1.9839       0.1721    
899      4.8811       3.1483       -8.0167      -1.2208      -1.1045      2.8587       0.7547    
900      1.4255       -1.3011      1.3622       -0.7066      0.8401       -0.6546      0.5096    
901      -0.9699      3.9252       -4.6451      -0.2251      -1.4582      1.9896       0.7994    
902      -3.9303      1.7670       -2.5913      -0.3781      4.2774       -4.1522      0.7203    
903      3.6983       5.0075       -4.1815      -1.2727      -1.6904      1.4064       0.5464    
904      5.1306       0.0005       -0.8966      -9.0754      2.6147       8.3243       0.3771    
905      -4.0008      5.2054       -2.0931      0.9657       -1.5134      0.5392       0.8077    
906      -2.4899      4.3197       1.5788       0.1490       -1.8643      -1.3372      0.2425    
907      -8.2154      -2.7864      5.4497       3.6282       0.3054       -1.3868      0.3286    
908      6.0623       3.7886       -3.7310      -0.2311      -0.4055      1.9967       0.7874    
909      -18.3868     19.0928      13.3718      -22.0061     14.2255      17.2567      0.9801    
910      -7.5045      -4.9045      -8.6139      1.8240       0.3713       2.8093       0.5846    
911      4.0554       5.9032       -0.7964      -1.2128      -1.4663      -1.0230      0.5102    
912      -7.0476      -4.2961      -7.5568      1.6310       0.5594       2.4990       0.4379    
913      -6.9748      -4.4287      0.6222       2.4879       1.6489       -0.0846      0.4443    
914      11.9582      11.3994      -8.8860      10.1310      33.2211      -2.6540      0.3780    
915      -4.9531      0.3420       -4.4290      1.1819       -0.0107      2.0662       0.6243    
916      6.8652       6.3385       4.7724       4.6846       -7.4252      -2.5941      0.4366    
917      -3.1152      -7.6821      2.5449       -0.0136      2.7917       -2.2328      0.5532    
918      1.9552       7.6346       -0.0998      3.4703       -2.5656      -0.8129      0.6163    
919      5.4362       -8.8087      8.7725       -1.2237      1.5530       -1.8295      0.8359    
920      -5.8756      -6.5145      -1.5409      1.7781       3.0195       0.6587       0.2148    
921      5.5604       -17.2701     5.7107       18.3935      -21.1913     -4.5272      0.5300    
922      -3.0745      1.9417       4.8293       1.4147       -0.6985      -2.2716      0.1497    
923      -5.4362      8.3728       7.6298       1.4690       -0.8676      -1.6182      0.7168    
924      0.2237       -4.6679      -6.4887      -1.8735      1.9215       3.0565       0.7820    
925      -5.0699      5.2620       8.3239       -0.0601      -4.7716      -3.8922      0.3220    
926      5.6815       5.2055       8.6622       -1.3068      -1.5075      -2.5348      0.7589    
927      9.9812       3.3275       1.7160       -0.8005      5.6034       4.6281       0.4340    
928      -1.0488      1.4985       -5.0652      0.8226       0.7975       2.1575       0.1072    
929      7.2808       3.3285       -1.9215      -3.6761      -0.2965      0.9446       0.7349    
930      -2.2061      0.2645       7.4698       0.3643       0.3166       -2.8806      0.5156    
931      -5.2196      1.0552       -3.5594      2.1710       -0.6050      0.5114       0.9477    
932      -0.2785      3.3853       8.1435       0.0175       -1.0413      -3.5800      0.9625    
933      -5.9377      -4.6728      9.7185       -6.3947      -18.5662     4.9320       0.3693    
934      -2.4449      -6.9935      6.9361       0.3114       2.6969       -1.8474      0.4914    
935      -7.7550      6.9140       3.7566       1.8667       -1.9552      -0.7855      0.2673    
936      -6.8227      -9.8359      1.1390       3.7707       -1.0435      -0.5674      0.7106    
937      -2.4995      -2.4384      -0.7514      -0.2722      1.3448       0.9074       0.1327    
938      7.5579       -7.6170      4.7585       -3.5520      2.3578       -1.1769      0.8219    
939      7.0424       -3.5459      -1.9974      -2.1925      0.6509       -0.5190      0.3614    
940      7.8660       3.2720       -5.8016      -3.2725      1.5833       2.6096       0.4733    
941      2.1206       -7.1248      3.4689       -1.0117      -9.6270      1.1164       0.4466    
942      -4.7695      -7.8716      -0.5167      1.8708       3.5479       0.9614       0.3869    
943      -4.6967      -4.8327      -2.5133      1.2271       1.5209       0.4206       0.1685    
944      2.4848       6.9672       -1.4133      -0.2891      -2.8243      -0.0321      0.4643    
945      -2.2885      -3.5865      0.1556       0.3065       1.6749       -0.8874      0.1226    
946      6.8434       -6.9978      -1.7184      -2.3745      3.3914       -0.4419      0.4166    
947      11.6881      3.2510       -13.9370     20.2883      3.3547       -23.9370     0.1055    
948      8.5906       3.2543       7.9407       -2.3976      -0.5744      -1.8230      0.9199    
949      -0.0266      0.8602       -3.0812      -0.0986      -0.0889      1.0603       0.9278    
950      7.1221       -2.7510      -6.0928      -2.7690      1.8358       2.0248       0.1813    
951      2.4801       -4.6999      -2.3466      -0.8574      1.5984       0.3200       0.7216    
952      1.9032       -5.0747      1.9370       -6.3472      -0.4768      16.6603      0.6129    
953      -0.6769      7.0405       -1.8863      0.0314       -2.5335      2.1917       0.7128    
954      -3.0375      3.7050       6.2655       1.4691       -2.5983      -3.5538      0.3759    
955      -0.0986      -7.9330      -3.7526      -0.3360      3.5222       1.5909       0.1926    
956      7.1212       -2.6726      3.8296       -2.9538      0.2595       -0.6604      0.6848    
957      -7.5800      2.4038       -6.0995      1.1748       -1.5882      1.8140       0.7235    
958      1.4422       -3.7775      -5.1485      -1.2239      0.5209       1.7511       0.5568    
959      -1.4866      -1.8828      3.1662       2.2690       -1.1298      -2.7580      0.3051    
960      -4.9068      -1.1647      3.0785       1.3540       0.0306       -1.1692      0.3783    
961      -6.7789      1.8328       8.0403       5.5545       -3.3849      6.0477       0.9675    
962      -6.0869      -7.2444      -4.8093      2.2031       3.0297       1.1360       0.8426    
963      -5.6183      0.2547       -3.6191      7.9887       -1.7653      -0.8441      0.4247    
964      0.2932       -2.6116      7.8717       -0.0673      1.1208       -3.2577      0.5072    
965      3.4875       7.4700       -6.1599      -0.7827      -2.0654      1.8534       0.2596    
966      6.7834       3.2945       -4.0673      -3.1034      -0.2857      1.4160       0.5360    
967      -3.4430      7.4407       0.2790       0.9789       -3.1139      -0.3637      0.7978    
968      -2.7567      8.6199       0.4309       -5.4659      -1.3553      0.3428       0.3459    
969      8.0389       8.6265       3.6422       -3.6695      -1.5877      -1.0115      0.9154    
970      3.2887       6.5405       -1.9513      0.1685       -1.5239      0.5970       0.2775    
971      -5.8349      -5.6443      -7.5834      0.5060       1.6870       2.0879       0.9808    
972      5.9273       -3.3947      5.5870       -1.7205      0.3754       -1.8994      0.1744    
973      -7.2300      -3.1172      -7.1164      2.8673       0.6139       2.7984       0.5169    
974      -3.6284      7.8559       -5.0053      0.4985       -2.8280      1.4248       0.3899    
975      -18.1404     -1.2110      16.0430      -10.9026     -6.4144      10.7660      0.3472    
976      -1.4730      -2.0915      0.2201       5.7673       0.9396       0.6732       0.5623    
977      -4.2482      4.9567       -5.2502      0.6016       -7.7917      1.2707       0.4213    
978      -2.3083      2.9796       -4.8363      0.0386       -2.1242      3.0072       0.2228    
979      7.1753       -4.7044      4.0098       -2.6394      1.7679       4.0139       0.8659    
980      0.7315       0.2205       0.0163       1.2837       0.7974       3.1106       0.7264    
981      4.5787       7.1439       2.9319       -5.7159      11.6807      1.3118       0.8342    
982      -2.6018      0.0445       -8.0030      1.4220       -0.6497      1.9766       0.1572    
983      -3.7780      0.0082       -6.5821      0.8612       -0.2183      2.1572       0.2004    
984      1.6734       -2.3919      0.0794       -1.6481      0.9265       0.3873       0.5462    
985      2.7245       5.8022       -5.6791      -1.6211      -2.4043      1.9630       0.4205    
986      4.9657       6.4757       -5.6439      -1.5800      -1.4841      1.7492       0.2785    
987      6.9426       4.2267       5.3918       -2.4421      -1.1898      -1.0453      0.5238    
988      -11.5273     6.4146       -6.6779      -1.8813      3.8627       -16.0003     0.4723    
989      6.5364       1.2257       4.5982       -2.7779      -0.7244      -1.2041      0.8734    
990      -7.6237      -6.1723      -8.7515      1.6047       1.1184       2.5486       0.9777    
991      -7.0229      -1.0046      -7.4407      1.0260       0.7698       1.8170       0.3976    
992      -7.5648      6.9561       -0.8777      2.4388       -1.0594      0.3300       0.3109    
993      -1.6549      8.5731       -7.2304      0.4283       -2.6007      2.2017       0.2147    
994      -0.0280      5.4238       5.1356       -0.8494      -2.6846      -1.1748      0.3910    
995      5.0886       -0.5763      -4.4953      -1.3248      0.1585       1.1010       0.5111    
996      -8.5387      -6.8372      -8.8226      2.5316       1.2595       1.8736       0.1199    
997      -5.4864      -7.1372      4.9892       1.4870       2.6750       -2.2241      0.4472    
998      4.1157       -0.1837      1.5428       -2.0379      -0.1201      -0.1033      0.2360    
999      -4.5237      -4.2632      -0.1633      1.4212       1.2573       0.3576       0.5275    
================================================================================
